       Jan   Feb   Mar   Apr   May   Jun   Jul   Aug   Sep   Oct   Nov   Dec
1940  48.3  34.0  48.3  50.8 123.4  86.1  70.9  84.1 102.4  45.5 114.3  82.6
1941  71.1  31.0  36.8  45.0  53.8  75.7  68.1  39.4  25.1  89.2  52.6  41.1
1942  37.1  41.1 117.1  43.4 208.5  32.8 110.0  28.7  99.8  56.4  78.0 110.0
1943  70.9  48.8  85.3  56.6 104.4  45.2  86.6  49.3  35.1  73.4  40.6  15.5
1944  20.1  63.2  81.5  82.8 137.9 102.4  90.2  54.9  64.0  17.5  42.7  70.6
1945  40.1  47.8 114.0  83.1 145.0  81.3 118.1  49.0 128.8  57.2  54.6  41.7
1946  97.5  57.9  28.4  17.0  95.5  43.7  79.2  37.8  73.7  81.0  44.5  50.3
1947  98.3  27.2  46.7  74.9  84.8 117.1 103.1  61.0  37.6  34.3  29.7  44.2
1948  40.1  67.1  57.9  52.6  62.7  80.5  51.3  48.5 154.4  58.4  81.0  47.8
1949  69.3  75.9  63.0  31.2   9.4   4.1  61.5 133.9  90.2  67.8  48.0  84.8
1950  96.5  72.1  63.2  61.7  20.1  64.0 116.3  85.1  22.1  78.0  90.4  27.7
1951  60.5  44.2  97.5 108.7  36.8  88.4  90.4  52.3  41.7  60.5  70.6  99.6
1952  67.3  40.9  66.5  58.4  72.6  29.0  68.8  61.0  60.2  17.3  90.7  40.1
1953  43.2  36.1  67.1  62.0 136.1  69.6  71.9 102.9  72.9  19.3  41.9  47.5
1954  52.3  59.9  77.0  91.4  19.3 116.1  18.3  91.2  80.5 213.9  37.3  57.2
1955  37.1  38.6  70.6  63.2  59.7  24.6  34.8 104.4  30.7  77.0  52.1  53.3
1956  42.9  46.5  76.7  69.3 114.0  38.9 108.0 124.7  40.1  22.9  27.4  66.5
1957  55.9  58.2  27.9  86.9  72.1  91.9  11.4  61.0  96.8  44.7  46.0  68.8
1958  25.1  36.8  24.9  35.8  23.9  26.7  58.4  69.1  78.5  31.2  71.1  25.4
1959  65.5  74.2  59.9  61.0  41.4  22.4  27.7  38.6  69.3  79.5  56.1  80.5
1960  68.1  64.8  38.9  64.5 116.8  55.6 103.9  39.6   6.4  57.9  57.2  17.0
1961  10.9  59.2  77.0  98.3  64.0  82.8  80.5  56.1  42.4  14.7  51.6  46.2
1962  67.6  86.1  11.9  34.5  11.7  65.3  90.7  76.2 131.8  98.0  96.8  59.9
1963  25.9  13.5  59.7  54.1  72.6  42.7  73.7  57.7  48.0   9.1  65.5  42.9
1964  58.7  28.7  87.1  73.9  41.4  38.1 101.6 147.6  14.0  46.2  32.8  52.6
1965  70.1 107.2  45.0  75.2  46.5  40.1  63.5  74.9  66.5 104.6  81.0  63.8
1966  60.7  30.5  55.6  52.8  47.2  72.6  15.0  70.4  55.1  24.4 142.7  84.8
1967  55.4  42.4  21.1  99.1  49.0 150.9  65.0  45.7  68.1  75.2  39.4  69.6
1968  82.0  37.8  57.4  30.2 101.3  57.9  58.2 163.6  88.1  41.1  93.2  80.0
1969  50.3  15.7  35.6  89.9  75.4  38.9 107.4  56.6  15.0  49.0  71.1  61.2
1970  25.7  29.7  43.7  81.3  56.6  38.1 113.5 113.3  61.7  63.8  45.0  80.5
1971  29.2  71.1  33.5  24.9  34.8  77.0  78.5 126.0  32.5  37.6  35.1  92.7
1972  37.8  59.7  96.8  52.8  35.3 113.0  34.5  74.9  84.1  98.8  72.1  95.0
1973  34.3  36.3 121.2  62.2  87.9  67.8  62.5  29.2  53.3 124.7  93.0  76.5
1974  66.8  45.2  56.9  92.2 140.0 127.3  58.7  14.5  46.5  24.1  74.7  45.5
1975  51.6  72.4  63.8  69.6  64.3  62.5  51.3 109.0  65.3  54.9  54.9  69.9
1976  52.3  59.2 116.3  72.1 114.6  83.3  81.8  64.8  69.9  64.5  11.7  36.1
1977  36.9  26.3  71.9  70.3  28.3 104.0 118.5 103.3 154.2  69.4  85.9 102.3
1978  69.2   9.1  39.8  63.9  68.2  25.2  42.5  63.6 134.3  56.2  52.9  61.1
1979  69.6  33.5  48.1  88.6  99.2  71.8  68.0  74.2  44.5  84.2  96.5 101.0
1980  37.8  16.1  82.8 111.9  48.7  89.2 182.3  37.3  53.1  88.7  35.3  64.7
1981  11.9  66.2  17.8  49.7  58.1  61.5  66.6 128.5 103.3 134.9  57.8  34.0
1982  54.3  28.3  64.8  43.1  45.1 112.5  31.1 120.1 128.9  43.5  94.8  80.9
1983  33.7  40.6  77.3  83.2  99.5  33.0  18.3 112.2  54.9  71.8  89.1  82.0
1984  30.2  59.0  59.5  58.7 102.8  48.1  63.3  63.8  74.7  26.1  69.9  61.3
1985  76.6  83.1  78.6  33.1  75.9  37.3  91.5 152.5  57.6  52.3 161.8  35.9
1986  26.5  32.0  48.8  54.0  75.2  67.4 122.3 146.2 212.3  54.8  44.4  67.3
1987  56.6  14.8  44.2  49.8  29.6  68.3 108.1  52.3 108.0  48.1  83.4  47.4
1988  21.5  64.6  23.6  55.2  39.6  25.0 109.7  37.2  70.6  67.4  58.1  31.5
1989  25.9  19.0  37.1  41.1  79.2  94.7  70.4  39.6  44.1  76.2  78.5  23.8
1990  36.7  76.9  28.7  53.0  86.6  69.4  68.4 112.6  42.8  87.8  39.6 112.8
1991  33.6  23.5  98.1 115.4  83.6  24.4  91.0  91.4  52.1  46.3  56.3  44.7
1992  37.2  35.0  21.7 133.8  69.7  37.2 134.5 154.4  98.4  66.0 107.2  56.3
1993  70.6  26.6  31.0  85.4  51.6 133.8  87.7  39.9  59.2  71.0  65.2  28.8
1994  61.0  20.2  51.2  96.0  78.8  54.4  83.0  60.1  51.4  27.4  84.9  51.4
1995 133.3  20.8  50.8  76.6  87.0  52.1  55.4 135.4  27.5 131.8 121.6  35.8
1996  72.6  38.2  36.2 101.6  90.6 118.0  97.4  48.2 166.2  75.8  29.8  95.2
1997  64.6  78.6  69.8  29.2  65.4  50.8  30.0  71.8  48.0  35.2  55.0  30.2
1998  97.2  45.8  98.4  57.2  71.8  80.5  45.4  26.8  38.4  24.0  33.6  63.0
1999 107.0  27.4  23.4  48.9  39.0  66.2  44.4  59.0  80.0  61.8  78.2  26.5
2000  29.2  48.4  18.8  79.3 124.4 169.2  33.8  38.0  70.0  17.6  55.6  71.4
2001  31.2  94.0  31.4  36.4  92.2  61.8  34.0  34.6  50.4 108.8  75.0  40.6
2002  46.2  38.4  61.3 103.2  80.7  59.6  59.0  11.6  59.2  43.0  67.2  32.5
2003  35.4  46.8  50.0  60.8 152.8  63.8  66.2  53.4 114.2  49.4 141.2  61.6
2004  49.6  20.8  63.4  64.2  98.8  62.8 119.8  60.0  25.2  35.2  64.8  90.4
2005  70.4  75.6  32.8  97.6  14.4  31.8  20.4 135.6  79.6  47.4 102.2  58.9
2006  74.6  74.8  48.8  62.4  82.0  45.4 105.2  40.2  77.6 120.6  71.7  62.4
2007  38.6  24.6  33.4  60.8  73.6  43.2  47.4  20.8  28.6  41.2  87.8  92.7
2008  58.2 107.6  61.6  54.6  68.8 110.4 193.2  92.6  83.4  39.6  79.8  99.8
2009  44.4  73.6  68.8 133.6  60.8  70.2  84.8 144.0  40.2  71.0  32.2  80.4
2010  24.4  24.8  62.6  36.2  51.0 191.6  89.6  58.6  88.2  57.2  66.2  36.8
2011  42.0  47.0  91.4  96.6 142.0  59.0  32.4  72.2  85.0 119.2  98.0  52.0
2012  54.2  26.6  18.0  43.6  44.4  76.4 100.0  52.4 121.0 126.4  10.2  58.4
 Call:
 stl(x = torontotimeseries, s.window = "periodic")

Components
           seasonal    trend    remainder
Jan 1940 -12.116916 62.96768  -2.55076796
Feb 1940 -17.620728 64.80372 -13.18298948
Mar 1940  -7.673855 66.63975 -10.66589605
Apr 1940   2.090622 68.14358 -19.43420112
May 1940   9.568776 69.64741  44.18381698
Jun 1940   3.888484 70.90368  11.30783517
Jul 1940  10.431470 72.15995 -11.69142391
Aug 1940   9.614636 73.21674   1.26862059
Sep 1940   6.027908 74.27353  22.09855988
Oct 1940  -2.045736 73.45604 -25.91030384
Nov 1940   2.442271 72.63855  39.21918212
Dec 1940  -4.606929 70.00848  17.19844518
Jan 1941 -12.116916 67.37842  15.83849494
Feb 1941 -17.620728 64.47885 -15.85811676
Mar 1941  -7.673855 61.57927 -17.10541351
Apr 1941   2.090622 58.66302 -15.75364133
May 1941   9.568776 55.74677 -11.51554598
Jun 1941   3.888484 53.77012  18.04139128
Jul 1941  10.431470 51.79348   5.87505128
Aug 1941   9.614636 52.65507 -22.86970990
Sep 1941   6.027908 53.51667 -34.44457629
Oct 1941  -2.045736 57.17972  34.06601293
Nov 1941   2.442271 60.84278 -10.68504816
Dec 1941  -4.606929 64.58459 -18.87766098
Jan 1942 -12.116916 68.32640 -19.10948711
Feb 1942 -17.620728 70.81440 -12.09367013
Mar 1942  -7.673855 73.30239  51.47146181
Apr 1942   2.090622 75.06831 -33.75892775
May 1942   9.568776 76.83422 122.09700585
Jun 1942   3.888484 78.58896 -49.67744093
Jul 1942  10.431470 80.34370  19.22483502
Aug 1942   9.614636 80.51543 -61.43006718
Sep 1942   6.027908 80.68717  13.08492540
Oct 1942  -2.045736 79.17371 -20.72797769
Nov 1942   2.442271 77.66026  -2.10253109
Dec 1942  -4.606929 76.38043  38.22649999
Jan 1943 -12.116916 75.10060   7.91631776
Feb 1943 -17.620728 73.85191  -7.43118170
Mar 1943  -7.673855 72.60322  20.37063379
Apr 1943   2.090622 69.73615 -15.22677510
May 1943   9.568776 66.86909  27.96213917
Jun 1943   3.888484 62.96019 -21.64867730
Jul 1943  10.431470 59.05130  17.11722896
Aug 1943   9.614636 57.05736 -17.37199655
Sep 1943   6.027908 55.06342 -25.99132726
Oct 1943  -2.045736 56.34462  19.10111283
Nov 1943   2.442271 57.62583 -19.46809738
Dec 1943  -4.606929 60.72229 -40.61536211
Jan 1944 -12.116916 63.81876 -31.60184014
Feb 1944 -17.620728 66.07505  14.74567373
Mar 1944  -7.673855 68.33135  20.84250255
Apr 1944   2.090622 69.00596  11.70342278
May 1944   9.568776 69.68056  58.65066619
Jun 1944   3.888484 69.69732  28.81420110
Jul 1944  10.431470 69.71407  10.05445875
Aug 1944   9.614636 69.22436 -23.93899921
Sep 1944   6.027908 68.73465 -10.76256238
Oct 1944  -2.045736 68.72556 -49.17982010
Nov 1944   2.442271 68.71646 -28.45872813
Dec 1944  -4.606929 70.25509   4.95183827
Jan 1945 -12.116916 71.79372 -19.57680863
Feb 1945 -17.620728 74.93293  -9.51219730
Mar 1945  -7.673855 78.07213  43.60172898
Apr 1945   2.090622 80.53285   0.47652754
May 1945   9.568776 82.99358  52.43764926
Jun 1945   3.888484 83.51876  -6.10724363
Jul 1945  10.431470 84.04394  23.62458622
Aug 1945   9.614636 81.94926 -42.56389634
Sep 1945   6.027908 79.85458  42.91751590
Oct 1945  -2.045736 75.76185 -16.51611699
Nov 1945   2.442271 71.66913 -19.51140020
Dec 1945  -4.606929 67.92828 -21.62134651
Jan 1946 -12.116916 64.18742  45.42949388
Feb 1946 -17.620728 61.96558  13.55514798
Mar 1946  -7.673855 59.74374 -23.66988295
Apr 1946   2.090622 58.60659 -43.69720699
May 1946   9.568776 57.46943  28.46179214
Jun 1946   3.888484 57.49469 -17.68317501
Jul 1946  10.431470 57.51995  11.24858058
Aug 1946   9.614636 58.12537 -29.94000444
Sep 1946   6.027908 58.73079   8.94130534
Oct 1946  -2.045736 60.71632  22.32941756
Nov 1946   2.442271 62.70185 -20.64412053
Dec 1946  -4.606929 65.14824 -10.24131475
Jan 1947 -12.116916 67.59464  42.82227772
Feb 1947 -17.620728 68.68355 -23.86281695
Mar 1947  -7.673855 69.77245 -15.39859668
Apr 1947   2.090622 68.26272   4.54666164
May 1947   9.568776 66.75298   8.47824312
Jun 1947   3.888484 64.71840  48.49311141
Jul 1947  10.431470 62.68383  29.98470245
Aug 1947   9.614636 61.40684 -10.02147518
Sep 1947   6.027908 60.12985 -28.55775802
Oct 1947  -2.045736 58.74122 -22.39548201
Nov 1947   2.442271 57.35259 -30.09485631
Dec 1947  -4.606929 55.78515  -6.97822518
Jan 1948 -12.116916 54.21772  -2.00080735
Feb 1948 -17.620728 55.55309  29.16763784
Mar 1948  -7.673855 56.88846   8.68539798
Apr 1948   2.090622 60.15431  -9.64493234
May 1948   9.568776 63.42016 -10.28893949
Jun 1948   3.888484 65.68035  10.93116534
Jul 1948  10.431470 67.94054 -27.07200709
Aug 1948   9.614636 68.91276 -30.02739396
Sep 1948   6.027908 69.88498  78.48711397
Oct 1948  -2.045736 68.80510  -8.35936395
Nov 1948   2.442271 67.72522  10.83250782
Dec 1948  -4.606929 65.13062 -12.72369003
Jan 1949 -12.116916 62.53602  18.88089882
Feb 1949 -17.620728 61.09605  32.42467607
Mar 1949  -7.673855 59.65609  11.01776827
Apr 1949   2.090622 59.05569 -29.94630781
May 1949   9.568776 58.45529 -58.62406072
Jun 1949   3.888484 59.38734 -59.17582541
Jul 1949  10.431470 60.31940  -9.25086735
Aug 1949   9.614636 62.58459  61.70077395
Sep 1949   6.027908 64.84978  19.32231005
Oct 1949  -2.045736 67.46456   2.38117943
Nov 1949   2.442271 70.07933 -24.52160150
Dec 1949  -4.606929 71.44716  17.95976594
Jan 1950 -12.116916 72.81500  35.80192007
Feb 1950 -17.620728 71.68922  18.03151048
Mar 1950  -7.673855 70.56344   0.31041584
Apr 1950   2.090622 69.13352  -9.52413824
May 1950   9.568776 67.70359 -57.17236914
Jun 1950   3.888484 66.06070  -5.94918693
Jul 1950  10.431470 64.41781  41.45071802
Aug 1950   9.614636 64.24307  11.24228891
Sep 1950   6.027908 64.06834 -47.99624541
Oct 1950  -2.045736 65.72704  14.31870027
Nov 1950   2.442271 67.38573  20.57199564
Dec 1950  -4.606929 68.49822 -36.19128694
Jan 1951 -12.116916 69.61070   3.00621717
Feb 1951 -17.620728 69.09334  -7.27261564
Mar 1951  -7.673855 68.57599  36.59786649
Apr 1951   2.090622 68.39419  38.21518878
May 1951   9.568776 68.21239 -40.98116576
Jun 1951   3.888484 68.44598  16.06553469
Jul 1951  10.431470 68.67957  11.28895787
Aug 1951   9.614636 68.46305 -25.77768365
Sep 1951   6.027908 68.24652 -32.57443039
Oct 1951  -2.045736 67.17033  -4.62459313
Nov 1951   2.442271 66.09414   2.06359381
Dec 1951  -4.606929 65.17991  39.02702318
Jan 1952 -12.116916 64.26568  15.15123925
Feb 1952 -17.620728 63.22376  -4.70303157
Mar 1952  -7.673855 62.18184  11.99201256
Apr 1952   2.090622 60.61560  -4.30621993
May 1952   9.568776 59.04935   3.98187075
Jun 1952   3.888484 56.96963 -31.85811644
Jul 1952  10.431470 54.88991   3.47861911
Aug 1952   9.614636 54.14447  -2.75911039
Sep 1952   6.027908 53.39904   0.77305490
Oct 1952  -2.045736 54.97633 -35.63059270
Nov 1952   2.442271 56.55362  31.70410938
Dec 1952  -4.606929 59.40375 -14.69681922
Jan 1953 -12.116916 62.25388  -6.93696114
Feb 1953 -17.620728 64.52804 -10.80731078
Mar 1953  -7.673855 66.80220   7.97165454
Apr 1953   2.090622 67.16405  -7.25467058
May 1953   9.568776 67.52590  59.00532746
Jun 1953   3.888484 66.92746  -1.21594656
Jul 1953  10.431470 66.32903  -4.86049785
Aug 1953   9.614636 66.07425  27.21111686
Sep 1953   6.027908 65.81947   1.05262636
Oct 1953  -2.045736 64.90554 -43.55980625
Nov 1953   2.442271 63.99162 -24.53388918
Dec 1953  -4.606929 62.66205 -10.55511700
Jan 1954 -12.116916 61.33247   3.08444188
Feb 1954 -17.620728 62.42139  15.09934135
Mar 1954  -7.673855 63.51030  21.16355578
Apr 1954   2.090622 67.33973  21.96964468
May 1954   9.568776 71.16917 -61.43794325
Jun 1954   3.888484 73.20744  39.00407265
Jul 1954  10.431470 75.24572 -67.37718872
Aug 1954   9.614636 74.84899   6.73637074
Sep 1954   6.027908 74.45227   0.01982499
Oct 1954  -2.045736 73.62714 142.31859563
Nov 1954   2.442271 72.80201 -37.94428405
Dec 1954  -4.606929 70.93062  -9.12369063
Jan 1955 -12.116916 69.05923 -19.84231052
Feb 1955 -17.620728 65.56808  -9.34735307
Mar 1955  -7.673855 62.07694  16.19691934
Apr 1955   2.090622 58.66620   2.44318080
May 1955   9.568776 55.25546  -5.12423456
Jun 1955   3.888484 54.37289 -33.66137030
Jul 1955  10.431470 53.49031 -29.12178330
Aug 1955   9.614636 54.09570  40.68966479
Sep 1955   6.027908 54.70108 -30.02899234
Oct 1955  -2.045736 56.65275  22.39298980
Nov 1955   2.442271 58.60441  -8.94667837
Dec 1955  -4.606929 61.63607  -3.72913883
Jan 1956 -12.116916 64.66773  -9.65081261
Feb 1956 -17.620728 66.61708  -2.49635395
Mar 1956  -7.673855 68.56644  15.80741965
Apr 1956   2.090622 68.26158  -1.05220354
May 1956   9.568776 67.95673  36.47449643
Jun 1956   3.888484 67.01822 -32.00670801
Jul 1956  10.431470 66.07972  31.48881029
Aug 1956   9.614636 65.01740  50.06796069
Sep 1956   6.027908 63.95509 -29.88299412
Oct 1956  -2.045736 62.82492 -37.87918560
Nov 1956   2.442271 61.69476 -36.73702739
Dec 1956  -4.606929 60.23152  10.87540835
Jan 1957 -12.116916 58.76829   9.24863079
Feb 1957 -17.620728 58.10625  17.71447696
Mar 1957  -7.673855 57.44422 -21.87036192
Apr 1957   2.090622 58.07940  26.72997558
May 1957   9.568776 58.71459   3.81663625
Jun 1957   3.888484 58.51482  29.49669526
Jul 1957  10.431470 58.31505 -57.34652300
Aug 1957   9.614636 56.65676  -5.27139283
Sep 1957   6.027908 54.99846  35.77363214
Oct 1957  -2.045736 52.51998  -5.77423951
Nov 1957   2.442271 50.04149  -6.48376147
Dec 1957  -4.606929 47.80104  25.60588647
Jan 1958 -12.116916 45.56060  -8.34367890
Feb 1958 -17.620728 44.73511   9.68561436
Mar 1958  -7.673855 43.90963 -11.33577743
Apr 1958   2.090622 43.51607  -9.80669097
May 1958   9.568776 43.12251 -28.79128135
Jun 1958   3.888484 43.93458 -21.12306729
Jul 1958  10.431470 44.74666   3.22186950
Aug 1958   9.614636 47.31618  12.16918627
Sep 1958   6.027908 49.88569  22.58639783
Oct 1958  -2.045736 52.37007 -19.12432946
Nov 1958   2.442271 54.85444  13.80329294
Dec 1958  -4.606929 54.74570 -24.73877377
Jan 1959 -12.116916 54.63697  22.97994622
Feb 1959 -17.620728 53.16780  38.65293322
Mar 1959  -7.673855 51.69862  15.87523516
Apr 1959   2.090622 51.46183   7.44754993
May 1959   9.568776 51.22504 -19.39381215
Jun 1959   3.888484 51.98740 -33.47587975
Jul 1959  10.431470 52.74976 -35.48122461
Aug 1959   9.614636 53.61854 -24.63317558
Sep 1959   6.027908 54.48732   8.78476824
Oct 1959  -2.045736 57.08272  24.46301727
Nov 1959   2.442271 59.67811  -6.02038401
Dec 1959  -4.606929 63.18231  21.92461925
Jan 1960 -12.116916 66.68651  13.53040920
Feb 1960 -17.620728 67.27179  15.14894232
Mar 1960  -7.673855 67.85706 -21.28320960
Apr 1960   2.090622 65.41157  -3.00219513
May 1960   9.568776 62.96608  44.26514250
Jun 1960   3.888484 59.70878  -7.99726605
Jul 1960  10.431470 56.45148  37.01704813
Aug 1960   9.614636 54.75834 -24.77297873
Sep 1960   6.027908 53.06520 -52.69311081
Oct 1960  -2.045736 53.11588   6.82985588
Nov 1960   2.442271 53.16656   1.59117225
Dec 1960  -4.606929 54.15263 -32.54569670
Jan 1961 -12.116916 55.13870 -32.12177896
Feb 1961 -17.620728 56.39685  20.42388026
Mar 1961  -7.673855 57.65500  27.01885443
Apr 1961   2.090622 58.12719  38.08219065
May 1961   9.568776 58.59937  -4.16814995
Jun 1961   3.888484 58.78665  20.12487087
Jul 1961  10.431470 58.97392  11.09461444
Aug 1961   9.614636 58.25682 -11.77145707
Sep 1961   6.027908 57.53973 -21.16763379
Oct 1961  -2.045736 54.77550 -38.02976635
Nov 1961   2.442271 52.01128  -2.85354922
Dec 1961  -4.606929 50.64988   0.15704768
Jan 1962 -12.116916 49.28849  30.42843127
Feb 1962 -17.620728 51.66173  52.05899587
Mar 1962  -7.673855 54.03498 -34.46112457
Apr 1962   2.090622 58.22533 -25.81595179
May 1962   9.568776 62.41568 -60.28445584
Jun 1962   3.888484 64.24634  -2.83482591
Jul 1962  10.431470 66.07700  14.19152675
Aug 1962   9.614636 66.49508   0.09028398
Sep 1962   6.027908 66.91316  58.85893601
Oct 1962  -2.045736 67.82981  32.21592138
Nov 1962   2.442271 68.74647  25.61125644
Dec 1962  -4.606929 67.79640  -3.28946648
Jan 1963 -12.116916 66.84632 -28.82940271
Feb 1963 -17.620728 63.08536 -31.96462877
Mar 1963  -7.673855 59.32440   8.04946013
Apr 1963   2.090622 55.40841  -3.39903625
May 1963   9.568776 51.49243  11.53879054
Jun 1963   3.888484 50.27283 -11.46131304
Jul 1963  10.431470 49.05322  14.21530613
Aug 1963   9.614636 50.03851  -1.95314762
Sep 1963   6.027908 51.02380  -9.05170657
Oct 1963  -2.045736 51.81125 -40.66551742
Nov 1963   2.442271 52.59871  10.45902142
Dec 1963  -4.606929 53.94221  -6.43527987
Jan 1964 -12.116916 55.28571  15.53120554
Feb 1964 -17.620728 57.44449 -11.12375823
Mar 1964  -7.673855 59.60326  35.17059294
Apr 1964   2.090622 60.62899  11.18038853
May 1964   9.568776 61.65472 -29.82349272
Jun 1964   3.888484 61.75431 -27.54279493
Jul 1964  10.431470 61.85390  29.31462560
Aug 1964   9.614636 62.75650  75.22886450
Sep 1964   6.027908 63.65909 -55.68700181
Oct 1964  -2.045736 64.06371 -15.81797864
Nov 1964   2.442271 64.46834 -34.11060578
Dec 1964  -4.606929 63.57495  -6.36802432
Jan 1965 -12.116916 62.68157  19.53534384
Feb 1965 -17.620728 62.11513  62.70559591
Mar 1965  -7.673855 61.54869  -8.87483707
Apr 1965   2.090622 63.26476   9.84461483
May 1965   9.568776 64.98083 -28.04961011
Jun 1965   3.888484 65.64210 -29.43057907
Jul 1965  10.431470 66.30336 -13.23482529
Aug 1965   9.614636 65.52558  -0.24021539
Sep 1965   6.027908 64.74780  -4.27571071
Oct 1965  -2.045736 64.51087  42.13486747
Nov 1965   2.442271 64.27393  14.28379533
Dec 1965  -4.606929 63.53557   4.87136211
Jan 1966 -12.116916 62.79720  10.01971558
Feb 1966 -17.620728 60.50166 -12.38093355
Mar 1966  -7.673855 58.20612   5.06773227
Apr 1966   2.090622 56.69089  -5.98150837
May 1966   9.568776 55.17565 -17.54442585
Jun 1966   3.888484 55.90434  12.80717778
Jul 1966  10.431470 56.63303 -52.06449584
Aug 1966   9.614636 57.91964   2.86572515
Sep 1966   6.027908 59.20625 -10.13415907
Oct 1966  -2.045736 61.05732 -34.61158469
Nov 1966   2.442271 62.90839  77.34933938
Dec 1966  -4.606929 65.74470  23.66223190
Jan 1967 -12.116916 68.58101  -1.06408889
Feb 1967 -17.620728 69.98501  -9.96428324
Mar 1967  -7.673855 71.38902 -42.61516263
Apr 1967   2.090622 70.38171  26.62766628
May 1967   9.568776 69.37441 -29.94318165
Jun 1967   3.888484 68.30235  78.70917100
Jul 1967  10.431470 67.23028 -12.66175362
Aug 1967   9.614636 67.17675 -31.09138587
Sep 1967   6.027908 67.12322  -5.05112334
Oct 1967  -2.045736 66.26332  10.98241386
Nov 1967   2.442271 65.40343 -28.44569924
Dec 1967  -4.606929 64.74925   9.45767878
Jan 1968 -12.116916 64.09507  30.02184350
Feb 1968 -17.620728 65.85530 -10.43457431
Mar 1968  -7.673855 67.61553  -2.54167717
Apr 1968   2.090622 69.42882 -41.31944019
May 1968   9.568776 71.24210  20.48911995
Jun 1968   3.888484 71.97491 -17.96339180
Jul 1968  10.431470 72.70771 -24.93918081
Aug 1968   9.614636 72.42621  81.55915293
Sep 1968   6.027908 72.14471   9.92738147
Oct 1968  -2.045736 71.75925 -28.61351484
Nov 1968   2.442271 71.37379  19.38393854
Dec 1968  -4.606929 69.97999  14.62693940
Jan 1969 -12.116916 68.58619  -6.16927305
Feb 1969 -17.620728 65.68041 -32.35968067
Mar 1969  -7.673855 62.77463 -19.50077333
Apr 1969   2.090622 60.27710  27.53227461
May 1969   9.568776 57.77958   8.05164572
Jun 1969   3.888484 56.47515 -21.46363239
Jul 1969  10.431470 55.17072  41.79781224
Aug 1969   9.614636 54.70855  -7.72319009
Sep 1969   6.027908 54.24639 -45.27429762
Oct 1969  -2.045736 53.68998  -2.64423925
Nov 1969   2.442271 53.13356  15.52416882
Dec 1969  -4.606929 53.69679  12.11014394
Jan 1970 -12.116916 54.26001 -16.44309426
Feb 1970 -17.620728 56.41975  -9.09901833
Mar 1970  -7.673855 58.57948  -7.20562745
Apr 1970   2.090622 60.51343  18.69595298
May 1970   9.568776 62.44737 -15.41614343
Jun 1970   3.888484 63.35664 -29.14512171
Jul 1970  10.431470 64.26591  38.80262275
Aug 1970   9.614636 64.72281  38.96254972
Sep 1970   6.027908 65.17972  -9.50762852
Oct 1970  -2.045736 63.86240   1.98333504
Nov 1970   2.442271 62.54508 -19.98735171
Dec 1970  -4.606929 61.06172  24.04521305
Jan 1971 -12.116916 59.57835 -18.26143550
Feb 1971 -17.620728 58.54673  30.17399409
Mar 1971  -7.673855 57.51512 -16.34126137
Apr 1971   2.090622 56.85308 -34.04370539
May 1971   9.568776 56.19105 -30.95982624
Jun 1971   3.888484 56.14244  16.96907733
Jul 1971  10.431470 56.09383  11.97470365
Aug 1971   9.614636 57.74968  58.63568634
Sep 1971   6.027908 59.40553 -32.93343618
Oct 1971  -2.045736 61.21456 -21.56882195
Nov 1971   2.442271 63.02359 -30.36585804
Dec 1971  -4.606929 63.21817  34.08875630
Jan 1972 -12.116916 63.41276 -13.49584267
Feb 1972 -17.620728 63.60975  13.71097394
Mar 1972  -7.673855 63.80675  40.66710550
Apr 1972   2.090622 65.73474 -15.02536546
May 1972   9.568776 67.66274 -41.93151324
Jun 1972   3.888484 68.71392  40.39759733
Jul 1972  10.431470 69.76510 -45.69656935
Aug 1972   9.614636 70.40621  -5.12084362
Sep 1972   6.027908 71.04732   7.02477690
Oct 1972  -2.045736 72.29409  28.55164960
Nov 1972   2.442271 73.54086  -3.88312802
Dec 1972  -4.606929 73.97085  25.63607927
Jan 1973 -12.116916 74.40084 -27.98392675
Feb 1973 -17.620728 72.97830 -19.05756942
Mar 1973  -7.673855 71.55575  57.31810286
Apr 1973   2.090622 70.79382 -10.68444045
May 1973   9.568776 70.03189   8.29933940
Jun 1973   3.888484 70.45963  -6.54810922
Jul 1973  10.431470 70.88737 -18.81883511
Aug 1973   9.614636 71.12436 -51.53899856
Sep 1973   6.027908 71.36136 -24.08926723
Oct 1973  -2.045736 72.84050  53.90523955
Nov 1973   2.442271 74.31963  16.23809602
Dec 1973  -4.606929 77.03118   4.07575153
Jan 1974 -12.116916 79.74272  -0.82580627
Feb 1974 -17.620728 79.37862 -16.55789462
Mar 1974  -7.673855 79.01452 -14.44066800
Apr 1974   2.090622 75.52539  14.58399000
May 1974   9.568776 72.03625  58.39497117
Jun 1974   3.888484 69.27180  54.13971871
Jul 1974  10.431470 66.50734 -18.23881101
Aug 1974   9.614636 65.08454 -60.19917486
Sep 1974   6.027908 63.66174 -23.18964392
Oct 1974  -2.045736 61.72115 -35.57541831
Nov 1974   2.442271 59.78057  12.47715699
Dec 1974  -4.606929 58.86197  -8.75504069
Jan 1975 -12.116916 57.94337   5.77354833
Feb 1975 -17.620728 59.88387  30.13685431
Mar 1975  -7.673855 61.82438   9.64947524
Apr 1975   2.090622 63.24889   4.26048912
May 1975   9.568776 64.67340  -9.94217384
Jun 1975   3.888484 64.78846  -6.17694707
Jul 1975  10.431470 64.90353 -24.03499757
Aug 1975   9.614636 65.71989  33.66547270
Sep 1975   6.027908 66.53625  -7.26416224
Oct 1975  -2.045736 68.78999 -11.84425436
Nov 1975   2.442271 71.04373 -18.58599679
Dec 1975  -4.606929 73.19498   1.31195087
Jan 1976 -12.116916 75.34623 -10.92931478
Feb 1976 -17.620728 75.99392   0.82680700
Mar 1976  -7.673855 76.64161  47.33224373
Apr 1976   2.090622 75.63107  -5.62168749
May 1976   9.568776 74.62052  30.41070446
Jun 1976   3.888484 71.84383   7.56768595
Jul 1976  10.431470 69.06714   2.30139017
Aug 1976   9.614636 65.58307 -10.39770669
Sep 1976   6.027908 62.09900   1.77309124
Oct 1976  -2.045736 59.22181   7.32392717
Nov 1976   2.442271 56.34462 -47.08688722
Dec 1976  -4.606929 56.28118 -15.57424916
Jan 1977 -12.116916 56.21774  -7.20082440
Feb 1977 -17.620728 59.77025 -15.84951874
Mar 1977  -7.673855 63.32275  16.25110187
Apr 1977   2.090622 68.44186  -0.23247745
May 1977   9.568776 73.56096 -54.82973360
Jun 1977   3.888484 77.76554  22.34597830
Jul 1977  10.431470 81.97012  26.09841294
Aug 1977   9.614636 83.01727  10.66809727
Sep 1977   6.027908 84.06442  64.10767639
Oct 1977  -2.045736 82.54972 -11.10398616
Nov 1977   2.442271 81.03503   2.42270097
Dec 1977  -4.606929 76.90917  29.99776266
Jan 1978 -12.116916 72.78331   8.53361104
Feb 1978 -17.620728 68.44337 -41.72264464
Mar 1978  -7.673855 64.10344 -16.62958537
Apr 1978   2.090622 61.65109   0.15828762
May 1978   9.568776 59.19874  -0.56751622
Jun 1978   3.888484 58.68904 -37.37752752
Jul 1978  10.431470 58.17935 -26.11081609
Aug 1978   9.614636 59.12598  -5.14061720
Sep 1978   6.027908 60.07262  68.19947648
Oct 1978  -2.045736 62.32697  -4.08123872
Nov 1978   2.442271 64.58133 -14.12360423
Dec 1978  -4.606929 66.44292  -0.73599017
Jan 1979 -12.116916 68.30451  13.41241058
Feb 1979 -17.620728 68.33589 -17.21515784
Mar 1979  -7.673855 68.36727 -12.59341131
Apr 1979   2.090622 68.43431  18.07506871
May 1979   9.568776 68.50135  21.12987190
Jun 1979   3.888484 69.53387  -1.62235443
Jul 1979  10.431470 70.56639 -12.99785802
Aug 1979   9.614636 70.93748  -6.35211783
Sep 1979   6.027908 71.30857 -32.83648284
Oct 1979  -2.045736 71.57674  14.66899416
Nov 1979   2.442271 71.84491  22.21282084
Dec 1979  -4.606929 73.56949  32.03744103
Jan 1980 -12.116916 75.29407 -25.37715209
Feb 1980 -17.620728 76.62773 -42.90700354
Mar 1980  -7.673855 77.96140  12.51245996
Apr 1980   2.090622 77.21220  32.59717549
May 1980   9.568776 76.46301 -37.33178583
Jun 1980   3.888484 74.53248  10.77903725
Jul 1980  10.431470 72.60195  99.26658306
Aug 1980   9.614636 70.59254 -42.90717778
Sep 1980   6.027908 68.58314 -21.51104383
Oct 1980  -2.045736 65.26967  25.47606426
Nov 1980   2.442271 61.95621 -29.09847797
Dec 1980  -4.606929 59.34877   9.95816422
Jan 1981 -12.116916 56.74132 -32.72440691
Feb 1981 -17.620728 57.53206  26.28866905
Mar 1981  -7.673855 58.32280 -32.84894004
Apr 1981   2.090622 61.59701 -13.98763250
May 1981   9.568776 64.87123 -16.34000179
Jun 1981   3.888484 67.01043  -9.39891629
Jul 1981  10.431470 69.14964 -12.98110806
Aug 1981   9.614636 70.12746  48.75789948
Sep 1981   6.027908 71.10529  26.16680181
Oct 1981  -2.045736 71.23035  65.71538453
Nov 1981   2.442271 71.35541 -15.99768306
Dec 1981  -4.606929 70.22561 -31.61867976
Jan 1982 -12.116916 69.09581  -2.67888977
Feb 1982 -17.620728 67.79927 -21.87853891
Mar 1982  -7.673855 66.50273   5.97112689
Apr 1982   2.090622 66.57543 -25.56605547
May 1982   9.568776 66.64814 -31.11691467
Jun 1982   3.888484 68.20011  40.41140303
Jul 1982  10.431470 69.75209 -49.08355654
Aug 1982   9.614636 71.21759  39.26777822
Sep 1982   6.027908 72.68308  50.18900776
Oct 1982  -2.045736 73.83902 -28.29328480
Nov 1982   2.442271 74.99496  17.36277233
Dec 1982  -4.606929 73.89085  11.61607993
Jan 1983 -12.116916 72.78674 -26.96982578
Feb 1983 -17.620728 70.37288 -12.15214838
Mar 1983  -7.673855 67.95901  17.01484396
Apr 1983   2.090622 66.72019  14.38918601
May 1983   9.568776 65.48137  24.44985121
Jun 1983   3.888484 65.54566 -36.43414663
Jul 1983  10.431470 65.60995 -57.74142174
Aug 1983   9.614636 65.60377  36.98159339
Sep 1983   6.027908 65.59759 -16.72549668
Oct 1983  -2.045736 65.75554   8.09019715
Nov 1983   2.442271 65.91349  20.74424066
Dec 1983  -4.606929 66.52713  20.07980063
Jan 1984 -12.116916 67.14077 -24.82385271
Feb 1984 -17.620728 66.64295   9.97778172
Mar 1984  -7.673855 66.14512   1.02873111
Apr 1984   2.090622 64.47832  -7.86893768
May 1984   9.568776 62.81151  30.41971670
Jun 1984   3.888484 62.34557 -18.13405654
Jul 1984  10.431470 61.87964  -9.01110705
Aug 1984   9.614636 62.88055  -8.69518201
Sep 1984   6.027908 63.88145   4.79063783
Oct 1984  -2.045736 64.24998 -36.10424728
Nov 1984   2.442271 64.61851   2.83921730
Dec 1984  -4.606929 65.28026   0.62666913
Jan 1985 -12.116916 65.94201  22.77490765
Feb 1985 -17.620728 68.00652  32.71421304
Mar 1985  -7.673855 70.07102  16.20283337
Apr 1985   2.090622 72.33112 -41.32174179
May 1985   9.568776 74.59122  -8.25999378
Jun 1985   3.888484 74.66979 -41.25827239
Jul 1985  10.431470 74.74836   6.32017174
Aug 1985   9.614636 73.31291  69.57245879
Sep 1985   6.027908 71.87745 -20.30535937
Oct 1985  -2.045736 71.03997 -16.69423607
Nov 1985   2.442271 70.20249  89.15523691
Dec 1985  -4.606929 70.53507 -30.02814253
Jan 1986 -12.116916 70.86765 -32.25073528
Feb 1986 -17.620728 73.29067 -23.66993914
Mar 1986  -7.673855 75.71368 -19.23982805
Apr 1986   2.090622 78.32985 -26.42047162
May 1986   9.568776 80.94602 -15.31479202
Jun 1986   3.888484 82.18966 -18.67814316
Jul 1986  10.431470 83.43330  28.43522844
Aug 1986   9.614636 83.59654  52.98882192
Sep 1986   6.027908 83.75978 122.51231018
Oct 1986  -2.045736 81.52844 -24.68270723
Nov 1986   2.442271 79.29710 -37.33937495
Dec 1986  -4.606929 74.98558  -3.07864756
Jan 1987 -12.116916 70.67405  -1.95713347
Feb 1987 -17.620728 66.16211 -33.74137712
Mar 1987  -7.673855 61.65016  -9.77630581
Apr 1987   2.090622 60.00145 -12.29206990
May 1987   9.568776 58.35274 -38.32151082
Jun 1987   3.888484 58.89632   5.51519695
Jul 1987  10.431470 59.43990  38.22862746
Aug 1987   9.614636 59.96942 -17.28406032
Sep 1987   6.027908 60.49895  41.47314670
Oct 1987  -2.045736 60.09952  -9.95377936
Nov 1987   2.442271 59.70009  21.25764426
Dec 1987  -4.606929 58.13054  -6.12361357
Jan 1988 -12.116916 56.56100 -22.94408470
Feb 1988 -17.620728 54.81267  27.40805385
Mar 1988  -7.673855 53.06435 -21.79049265
Apr 1988   2.090622 52.26490   0.84447543
May 1988   9.568776 51.46546 -21.43423333
Jun 1988   3.888484 50.86263 -29.75111035
Jul 1988  10.431470 50.25980  49.00873538
Aug 1988   9.614636 49.71448 -22.12911314
Sep 1988   6.027908 49.16916  15.40293314
Oct 1988  -2.045736 49.51982  19.92591407
Nov 1988   2.442271 49.87048   5.78724469
Dec 1988  -4.606929 50.78941 -14.68247724
Jan 1989 -12.116916 51.70833 -13.69141247
Feb 1989 -17.620728 51.68240 -15.06166965
Mar 1989  -7.673855 51.65647  -6.88261187
Apr 1989   2.090622 52.03794 -13.02856219
May 1989   9.568776 52.41941  17.21181067
Jun 1989   3.888484 53.57224  37.23927706
Jul 1989  10.431470 54.72506   5.24346619
Aug 1989   9.614636 55.88319 -25.89782148
Sep 1989   6.027908 57.04131 -18.96921436
Oct 1989  -2.045736 57.35359  20.89215059
Nov 1989   2.442271 57.66586  18.39186522
Dec 1989  -4.606929 58.10368 -29.69675284
Jan 1990 -12.116916 58.54150  -9.72458421
Feb 1990 -17.620728 59.90332  34.61740578
Mar 1990  -7.673855 61.26514 -24.89128927
Apr 1990   2.090622 62.48815 -11.57877625
May 1990   9.568776 63.71116  13.32005994
Jun 1990   3.888484 64.78796   0.72355762
Jul 1990  10.431470 65.86475  -7.89622196
Aug 1990   9.614636 67.17789  35.80747114
Sep 1990   6.027908 68.49103 -31.71894097
Oct 1990  -2.045736 69.98151  19.86423012
Nov 1990   2.442271 71.47198 -34.31424909
Dec 1990  -4.606929 71.79113  45.61579724
Jan 1991 -12.116916 72.11029 -26.39336973
Feb 1991 -17.620728 71.57356 -30.45282820
Mar 1991  -7.673855 71.03683  34.73702828
Apr 1991   2.090622 69.88858  43.42079643
May 1991   9.568776 68.74034   5.29088775
Jun 1991   3.888484 66.80968 -46.29816347
Jul 1991  10.431470 64.87902  15.68950805
Aug 1991   9.614636 62.76217  19.02319482
Sep 1991   6.027908 60.64532 -14.57322363
Oct 1991  -2.045736 59.51286 -11.16712821
Nov 1991   2.442271 58.38041  -4.52268310
Dec 1991  -4.606929 59.84095 -10.53401767
Jan 1992 -12.116916 61.30148 -11.98456555
Feb 1992 -17.620728 64.87521 -12.25448156
Mar 1992  -7.673855 68.44894 -39.07508261
Apr 1992   2.090622 72.55352  59.15585516
May 1992   9.568776 76.65811 -16.52688390
Jun 1992   3.888484 79.42738 -46.11585957
Jul 1992  10.431470 82.19664  41.87188750
Aug 1992   9.614636 82.60797  62.17739145
Sep 1992   6.027908 83.01930   9.35279020
Oct 1992  -2.045736 81.76264 -13.71690046
Nov 1992   2.442271 80.50597  24.25175857
Dec 1992  -4.606929 78.76420 -17.85726729
Jan 1993 -12.116916 77.02242   5.69449354
Feb 1993 -17.620728 73.98174 -29.76100923
Mar 1993  -7.673855 70.94105 -32.26719706
Apr 1993   2.090622 68.60647  14.70291271
May 1993   9.568776 66.27188 -24.24065435
Jun 1993   3.888484 64.96315  64.94837079
Jul 1993  10.431470 63.65441  13.61411867
Aug 1993   9.614636 63.13770 -32.85233458
Sep 1993   6.027908 62.62098  -9.44889303
Oct 1993  -2.045736 62.22696  10.81877740
Nov 1993   2.442271 61.83293   0.92479752
Dec 1993  -4.606929 61.20850 -27.80156867
Jan 1994 -12.116916 60.58406  12.53285184
Feb 1994 -17.620728 60.20673 -22.38600402
Mar 1994  -7.673855 59.82940  -0.95554492
Apr 1994   2.090622 59.66861  34.24077178
May 1994   9.568776 59.50781   9.72341165
Jun 1994   3.888484 60.71132 -10.19980780
Jul 1994  10.431470 61.91483  10.65369548
Aug 1994   9.614636 63.11375 -12.62838355
Sep 1994   6.027908 64.31266 -18.94056780
Oct 1994  -2.045736 64.66033 -35.21459377
Nov 1994   2.442271 65.00800  17.44972996
Dec 1994  -4.606929 65.50982  -9.50289279
Jan 1995 -12.116916 66.01165  79.40527115
Feb 1995 -17.620728 67.58744 -29.16671223
Mar 1995  -7.673855 69.16324 -10.68938066
Apr 1995   2.090622 71.31147   3.19790759
May 1995   9.568776 73.45971   3.97151900
Jun 1995   3.888484 74.16602 -25.95449959
Jul 1995  10.431470 74.87233 -29.90379544
Aug 1995   9.614636 74.75186  51.03350748
Sep 1995   6.027908 74.63139 -53.15929481
Oct 1995  -2.045736 75.53543  58.31030710
Nov 1995   2.442271 76.43947  42.71825870
Dec 1995  -4.606929 77.87604 -37.46910622
Jan 1996 -12.116916 79.31260   5.40431556
Feb 1996 -17.620728 80.31305 -24.49231813
Mar 1996  -7.673855 81.31349 -37.43963687
Apr 1996   2.090622 81.27838  18.23100282
May 1996   9.568776 81.24326  -0.21203433
Jun 1996   3.888484 81.67205  32.43947078
Jul 1996  10.431470 82.10083   4.86769863
Aug 1996   9.614636 82.67942 -44.09405429
Sep 1996   6.027908 83.25800  76.91408757
Oct 1996  -2.045736 81.47980  -3.63406376
Nov 1996   2.442271 79.70159 -52.34386541
Dec 1996  -4.606929 75.67508  24.13185426
Jan 1997 -12.116916 71.64856   5.06836063
Feb 1997 -17.620728 67.51879  28.70193840
Mar 1997  -7.673855 63.38902  14.08483111
Apr 1997   2.090622 59.76041 -32.65102832
May 1997   9.568776 56.13179  -0.30056459
Jun 1997   3.888484 54.28365  -7.37213335
Jul 1997  10.431470 52.43551 -32.86697938
Aug 1997   9.614636 52.65523   9.53013053
Sep 1997   6.027908 52.87496 -10.90286477
Oct 1997  -2.045736 55.03801 -17.79227734
Nov 1997   2.442271 57.20107  -4.64334023
Dec 1997  -4.606929 58.94008 -24.13315434
Jan 1998 -12.116916 60.67910  48.63781823
Feb 1998 -17.620728 60.45577   2.96495456
Mar 1998  -7.673855 60.23245  45.84140584
Apr 1998   2.090622 58.58466  -3.47528282
May 1998   9.568776 56.93687   5.29435168
Jun 1998   3.888484 55.57987  21.03164270
Jul 1998  10.431470 54.22287 -19.25434354
Aug 1998   9.614636 52.58477 -35.39940752
Sep 1998   6.027908 50.94667 -18.57457670
Oct 1998  -2.045736 49.47390 -23.42816507
Nov 1998   2.442271 48.00113 -16.84340376
Dec 1998  -4.606929 47.76431  19.84262380
Jan 1999 -12.116916 47.52748  71.58943804
Feb 1999 -17.620728 49.04473  -4.02400346
Mar 1999  -7.673855 50.56199 -19.48813001
Apr 1999   2.090622 51.89435  -5.08496786
May 1999   9.568776 53.22671 -23.79548255
Jun 1999   3.888484 52.81196   9.49955709
Jul 1999  10.431470 52.39721 -18.42868052
Aug 1999   9.614636 52.05382  -2.66845707
Sep 1999   6.027908 51.71043  22.26166118
Oct 1999  -2.045736 54.34049   9.50524383
Nov 1999   2.442271 56.97055  18.78717618
Dec 1999  -4.606929 60.37433 -29.26740330
Jan 2000 -12.116916 63.77811 -22.46119609
Feb 2000 -17.620728 64.72151   1.29922115
Mar 2000  -7.673855 65.66490 -39.19104666
Apr 2000   2.090622 64.82730  12.38207831
May 2000   9.568776 63.98970  50.84152645
Jun 2000   3.888484 64.19283 101.11868472
Jul 2000  10.431470 64.39596 -41.02743427
Aug 2000   9.614636 64.35291 -35.96754581
Sep 2000   6.027908 64.30985  -0.33776256
Oct 2000  -2.045736 62.32131 -42.67557845
Nov 2000   2.442271 60.33277  -7.17504466
Dec 2000  -4.606929 57.85532  18.15160747
Jan 2001 -12.116916 55.37787 -12.06095370
Feb 2001 -17.620728 55.07362  56.54710632
Mar 2001  -7.673855 54.76937 -15.69551871
Apr 2001   2.090622 55.54438 -21.23499710
May 2001   9.568776 56.31938  26.31184768
Jun 2001   3.888484 56.52216   1.38935256
Jul 2001  10.431470 56.72495 -33.15641983
Aug 2001   9.614636 56.94371 -31.95834939
Sep 2001   6.027908 57.16248 -12.79038417
Oct 2001  -2.045736 58.80726  52.03848001
Nov 2001   2.442271 60.45204  12.10569387
Dec 2001  -4.606929 61.74367 -16.53673763
Jan 2002 -12.116916 63.03530  -4.71838243
Feb 2002 -17.620728 62.41790  -6.39717396
Mar 2002  -7.673855 61.80051   7.17334946
Apr 2002   2.090622 59.75420  41.35517761
May 2002   9.568776 57.70790  13.42332892
Jun 2002   3.888484 56.11616  -0.40464340
Jul 2002  10.431470 54.52442  -5.95589297
Aug 2002   9.614636 53.34133 -51.35596184
Sep 2002   6.027908 52.15823   1.01386409
Oct 2002  -2.045736 52.52687  -7.48113849
Nov 2002   2.442271 52.89552  11.86220861
Dec 2002  -4.606929 55.24650 -18.13957063
Jan 2003 -12.116916 57.59748 -10.08056317
Feb 2003 -17.620728 60.60803   3.81269493
Mar 2003  -7.673855 63.61859  -5.94473202
Apr 2003   2.090622 66.69927  -7.98988920
May 2003   9.568776 69.77995  73.45127678
Jun 2003   3.888484 72.18686 -12.27534177
Jul 2003  10.431470 74.59377 -18.82523759
Aug 2003   9.614636 74.83430 -31.04893755
Sep 2003   6.027908 75.07483  33.09725729
Oct 2003  -2.045736 74.13174 -22.68600441
Nov 2003   2.442271 73.18865  65.56908358
Dec 2003  -4.606929 72.92567  -6.71873691
Jan 2004 -12.116916 72.66269 -10.94577072
Feb 2004 -17.620728 71.60474 -33.18401546
Mar 2004  -7.673855 70.54680   0.52705476
Apr 2004   2.090622 67.95352  -5.84414197
May 2004   9.568776 65.36024  23.87098446
Jun 2004   3.888484 64.73239  -5.82087850
Jul 2004  10.431470 64.10455  45.26398128
Aug 2004   9.614636 65.14178 -14.75641659
Sep 2004   6.027908 66.17901 -47.00691967
Oct 2004  -2.045736 65.28050 -28.03476586
Nov 2004   2.442271 64.38199  -2.02426235
Dec 2004  -4.606929 62.15206  32.85486508
Jan 2005 -12.116916 59.92214  22.59477920
Feb 2005 -17.620728 59.87456  33.34617314
Mar 2005  -7.673855 59.82697 -19.35311798
Apr 2005   2.090622 60.98313  34.52625044
May 2005   9.568776 62.13928 -57.30805797
Jun 2005   3.888484 62.46907 -34.55754941
Jul 2005  10.431470 62.79885 -52.83031811
Aug 2005   9.614636 63.71436  62.27100489
Sep 2005   6.027908 64.62987   8.94222268
Oct 2005  -2.045736 66.58269 -17.13695000
Nov 2005   2.442271 68.53550  31.22222700
Dec 2005  -4.606929 70.00738  -6.50045317
Jan 2006 -12.116916 71.47926  15.23765336
Feb 2006 -17.620728 71.22148  21.19924540
Mar 2006  -7.673855 70.96370 -14.48984761
Apr 2006   2.090622 70.79122 -10.48184481
May 2006   9.568776 70.61874   1.81248115
Jun 2006   3.888484 70.00371 -28.49219600
Jul 2006  10.431470 69.38868  25.37984959
Aug 2006   9.614636 67.91420 -37.32883724
Sep 2006   6.027908 66.43972   5.13237072
Oct 2006  -2.045736 65.21143  57.43430897
Nov 2006   2.442271 63.98313   5.27459691
Dec 2006  -4.606929 62.09764   4.90928550
Jan 2007 -12.116916 60.21216  -9.49523922
Feb 2007 -17.620728 56.64552 -14.42479223
Mar 2007  -7.673855 53.07889 -12.00503028
Apr 2007   2.090622 50.22934   8.48004000
May 2007   9.568776 47.37979  16.65143344
Jun 2007   3.888484 48.25957  -8.94805707
Jul 2007  10.431470 49.13936 -12.17082484
Aug 2007   9.614636 52.37256 -41.18719171
Sep 2007   6.027908 55.60576 -33.03366380
Oct 2007  -2.045736 58.68461 -15.43887830
Nov 2007   2.442271 61.76347  23.59425689
Dec 2007  -4.606929 67.10531  30.20161587
Jan 2008 -12.116916 72.44715  -2.13023845
Feb 2008 -17.620728 78.21238  47.00834653
Mar 2008  -7.673855 83.97761 -14.70375353
Apr 2008   2.090622 86.11805 -33.60867341
May 2008   9.568776 88.25849 -29.02727013
Jun 2008   3.888484 87.62870  18.88281233
Jul 2008  10.431470 86.99891  95.76961753
Aug 2008   9.614636 86.86088  -3.87551343
Sep 2008   6.027908 86.72284  -9.35074961
Oct 2008  -2.045736 86.56803 -44.92229018
Nov 2008   2.442271 86.41321  -9.05548107
Dec 2008  -4.606929 84.74096  19.66597296
Jan 2009 -12.116916 83.06870 -26.55178632
Feb 2009 -17.620728 81.76071   9.46002015
Mar 2009  -7.673855 80.45271  -3.97885844
Apr 2009   2.090622 79.81057  51.69880367
May 2009   9.568776 79.16844 -27.93721106
Jun 2009   3.888484 76.95883 -10.64731457
Jul 2009  10.431470 74.74923  -0.38069533
Aug 2009   9.614636 71.67498  62.71037883
Sep 2009   6.027908 68.60074 -34.42865221
Oct 2009  -2.045736 66.18381   6.86192522
Nov 2009   2.442271 63.76688 -34.00914766
Dec 2009  -4.606929 64.07802  20.92891411
Jan 2010 -12.116916 64.38915 -27.87223743
Feb 2010 -17.620728 65.34175 -22.92102621
Mar 2010  -7.673855 66.29436   3.97949995
Apr 2010   2.090622 67.35724 -33.24786191
May 2010   9.568776 68.42013 -26.98890061
Jun 2010   3.888484 68.98953 118.72198400
Jul 2010  10.431470 69.55894   9.60959135
Aug 2010   9.614636 70.56025 -21.57488151
Sep 2010   6.027908 71.56155  10.61054042
Oct 2010  -2.045736 72.71715 -13.47141027
Nov 2010   2.442271 73.87274 -10.11501127
Dec 2010  -4.606929 73.04911 -31.64218074
Jan 2011 -12.116916 72.22548 -18.10856352
Feb 2011 -17.620728 71.86030  -7.23956914
Mar 2011  -7.673855 71.49512  27.57874020
Apr 2011   2.090622 73.30430  21.20507791
May 2011   9.568776 75.11349  57.31773878
Jun 2011   3.888484 76.44783 -21.33630915
Jul 2011  10.431470 77.78216 -55.81363435
Aug 2011   9.614636 75.70625 -13.12088397
Sep 2011   6.027908 73.63033   5.34176120
Oct 2011  -2.045736 69.83468  51.41105522
Nov 2011   2.442271 66.03903  29.51869892
Dec 2011  -4.606929 64.34483  -7.73790473
Jan 2012 -12.116916 62.65064   3.66627832
Feb 2012 -17.620728 62.75880 -18.53806720
Mar 2012  -7.673855 62.86695 -37.19309777
Apr 2012   2.090622 63.70585 -22.19647004
May 2012   9.568776 64.54474 -29.71351913
Jun 2012   3.888484 64.75170   7.75981890
Jul 2012  10.431470 64.95865  24.60987966
Aug 2012   9.614636 65.65583 -22.87046313
Sep 2012   6.027908 66.35300  48.61908888
Oct 2012  -2.045736 67.52220  60.92353513
Nov 2012   2.442271 68.69140 -60.93366893
Dec 2012  -4.606929 69.98623  -6.97929706
 Call:
 stl(x = log(torontotimeseries), s.window = "per", t.window = 1000)

Components
            seasonal    trend     remainder
Jan 1940 -0.17738362 4.021195  0.0336205864
Feb 1940 -0.30950124 4.021213 -0.1853513030
Mar 1940 -0.10899713 4.021232 -0.0348028441
Apr 1940  0.09076938 4.021250 -0.1841230273
May 1940  0.12227196 4.021268  0.6718906769
Jun 1940  0.04946854 4.021287  0.3847539309
Jul 1940  0.14995048 4.021305  0.0900145395
Aug 1940  0.13178766 4.021324  0.2788950244
Sep 1940  0.06676955 4.021342  0.5407748088
Oct 1940 -0.05446114 4.021361 -0.1491873549
Nov 1940  0.06633705 4.021379  0.6511102248
Dec 1940 -0.02701146 4.021398  0.4196233791
Jan 1941 -0.17738362 4.021416  0.4200547248
Feb 1941 -0.30950124 4.021435 -0.2779462608
Mar 1941 -0.10899713 4.021453 -0.3069581973
Apr 1941  0.09076938 4.021472 -0.3055785298
May 1941  0.12227196 4.021490 -0.1584886051
Jun 1941  0.04946854 4.021509  0.2558010422
Jul 1941  0.14995048 4.021527  0.0494996814
Aug 1941  0.13178766 4.021546 -0.4795673640
Sep 1941  0.06676955 4.021564 -0.8654656954
Oct 1941 -0.05446114 4.021582  0.5237597210
Nov 1941  0.06633705 4.021601 -0.1252218640
Dec 1941 -0.02701146 4.021619 -0.2785998177
Jan 1942 -0.17738362 4.021638 -0.2306372801
Feb 1942 -0.30950124 4.021656  0.0038530185
Mar 1942 -0.10899713 4.021675  0.8503505903
Apr 1942  0.09076938 4.021693 -0.3420032162
May 1942  0.12227196 4.021712  1.1959553312
Jun 1942  0.04946854 4.021730 -0.5807702406
Jul 1942  0.14995048 4.021749  0.5287811963
Aug 1942  0.13178766 4.021767 -0.7966576953
Sep 1942  0.06676955 4.021786  0.5146130040
Oct 1942 -0.05446114 4.021804  0.0651262021
Nov 1942  0.06633705 4.021823  0.2685492053
Dec 1942 -0.02701146 4.021841  0.7056507889
Jan 1943 -0.17738362 4.021860  0.4167945461
Feb 1943 -0.30950124 4.021878  0.1753535721
Mar 1943 -0.10899713 4.021896  0.5332751365
Apr 1943  0.09076938 4.021915 -0.0766753098
May 1943  0.12227196 4.021933  0.5040243277
Jun 1943  0.04946854 4.021952 -0.2603233069
Jul 1943  0.14995048 4.021970  0.2893790084
Aug 1943  0.13178766 4.021989 -0.2558523747
Sep 1943  0.06676955 4.022007 -0.5305756865
Oct 1943 -0.05446114 4.022026  0.3283593415
Nov 1943  0.06633705 4.022044 -0.3846131926
Dec 1943 -0.02701146 4.022063 -1.2542111907
Jan 1944 -0.17738362 4.022081 -0.8439777101
Feb 1944 -0.30950124 4.022100  0.4337059226
Mar 1944 -0.10899713 4.022118  0.4874820645
Apr 1944  0.09076938 4.022137  0.3035221286
May 1944  0.12227196 4.022155  0.7821017993
Jun 1944  0.04946854 4.022173  0.5572446812
Jul 1944  0.14995048 4.022192  0.3298869822
Aug 1944  0.13178766 4.022210 -0.1484847450
Sep 1944  0.06676955 4.022229  0.0698846286
Oct 1944 -0.05446114 4.022247 -1.1055853509
Nov 1944  0.06633705 4.022266 -0.3344039767
Dec 1944 -0.02701146 4.022284  0.2617572921
Jan 1945 -0.17738362 4.022303 -0.1535428286
Feb 1945 -0.30950124 4.022321  0.1542056233
Mar 1945 -0.10899713 4.022340  0.8228558549
Apr 1945  0.09076938 4.022358  0.3069171314
May 1945  0.12227196 4.022377  0.8320851192
Jun 1945  0.04946854 4.022395  0.3262823474
Jul 1945  0.14995048 4.022414  0.5991676406
Aug 1945  0.13178766 4.022432 -0.2623994331
Sep 1945  0.06676955 4.022451  0.7690407212
Oct 1945 -0.05446114 4.022469  0.0785460288
Nov 1945  0.06633705 4.022487 -0.0887906519
Dec 1945 -0.02701146 4.022506 -0.2649933613
Jan 1946 -0.17738362 4.022524  0.7347115774
Feb 1946 -0.30950124 4.022543  0.3456757306
Mar 1946 -0.10899713 4.022561 -0.5671750860
Apr 1946  0.09076938 4.022580 -1.2801358642
May 1946  0.12227196 4.022598  0.4142559865
Jun 1946  0.04946854 4.022617 -0.2947372048
Jul 1946  0.14995048 4.022635  0.1993905784
Aug 1946  0.13178766 4.022654 -0.5221322664
Sep 1946  0.06676955 4.022672  0.2105610690
Oct 1946 -0.05446114 4.022691  0.4262196474
Nov 1946  0.06633705 4.022709 -0.2935569832
Dec 1946 -0.02701146 4.022728 -0.0777110507
Jan 1947 -0.17738362 4.022746  0.7426615888
Feb 1947 -0.30950124 4.022765 -0.4100463184
Mar 1947 -0.10899713 4.022783 -0.0700417042
Apr 1947  0.09076938 4.022801  0.2025830446
May 1947  0.12227196 4.022820  0.2952036441
Jun 1947  0.04946854 4.022838  0.6907213260
Jul 1947  0.14995048 4.022857  0.4628920329
Aug 1947  0.13178766 4.022875 -0.0437891425
Sep 1947  0.06676955 4.022894 -0.4626593175
Oct 1947 -0.05446114 4.022912 -0.4333057908
Nov 1947  0.06633705 4.022931 -0.6981207643
Dec 1947 -0.02701146 4.022949 -0.2072129765
Jan 1948 -0.17738362 4.022968 -0.1542077418
Feb 1948 -0.30950124 4.022986  0.4926991145
Mar 1948 -0.10899713 4.023005  0.1447098779
Apr 1948  0.09076938 4.023023 -0.1510763640
May 1948  0.12227196 4.023042 -0.0069520888
Jun 1948  0.04946854 4.023073  0.3157155737
Jul 1948  0.14995048 4.023105 -0.2353643004
Aug 1948  0.13178766 4.023136 -0.2733599316
Sep 1948  0.06676955 4.023168  0.9496095185
Oct 1948 -0.05446114 4.023199  0.0985779653
Nov 1948  0.06633705 4.023231  0.3048815367
Dec 1948 -0.02701146 4.023262 -0.1292249623
Jan 1949 -0.17738362 4.023294  0.3925349655
Feb 1949 -0.30950124 4.023325  0.6155928621
Mar 1949 -0.10899713 4.023357  0.2287752985
Apr 1949  0.09076938 4.023388 -0.6737393385
May 1949  0.12227196 4.023420 -1.9049818251
Jun 1949  0.04946854 4.023451 -2.6619326150
Jul 1949  0.14995048 4.023483 -0.0543958557
Aug 1949  0.13178766 4.023514  0.7417915452
Sep 1949  0.06676955 4.023546  0.4117143300
Oct 1949 -0.05446114 4.023577  0.2474462925
Nov 1949  0.06633705 4.023609 -0.2187445850
Dec 1949 -0.02701146 4.023640  0.4436669631
Jan 1950 -0.17738362 4.023672  0.7232550897
Feb 1950 -0.30950124 4.023703  0.5638522440
Mar 1950 -0.10899713 4.023735  0.2315668953
Apr 1950  0.09076938 4.023766  0.0077485196
May 1950  0.12227196 4.023798 -1.1453496773
Jun 1950  0.04946854 4.023829  0.0855855167
Jul 1950  0.14995048 4.023861  0.5823620511
Aug 1950  0.13178766 4.023892  0.2881473501
Sep 1950  0.06676955 4.023924 -0.9951154665
Oct 1950 -0.05446114 4.023955  0.3872149462
Nov 1950  0.06633705 4.023987  0.4139206935
Dec 1950 -0.02701146 4.024018 -0.6755741445
Jan 1951 -0.17738362 4.024050  0.2559774684
Feb 1951 -0.30950124 4.024081  0.0741450108
Mar 1951 -0.10899713 4.024113  0.6647369942
Apr 1951  0.09076938 4.024144  0.5736784049
May 1951  0.12227196 4.024176 -0.5409496251
Jun 1951  0.04946854 4.024207  0.4081964250
Jul 1951  0.14995048 4.024239  0.3300552810
Aug 1951  0.13178766 4.024270 -0.1990612923
Sep 1951  0.06676955 4.024302 -0.3605699242
Oct 1951 -0.05446114 4.024333  0.1327715066
Nov 1951  0.06633705 4.024365  0.1663285927
Dec 1951 -0.02701146 4.024396  0.6037776290
Jan 1952 -0.17738362 4.024427  0.3621163621
Feb 1952 -0.30950124 4.024459 -0.0038276932
Mar 1952 -0.10899713 4.024490  0.2817085859
Apr 1952  0.09076938 4.024522 -0.0479754774
May 1952  0.12227196 4.024553  0.1381394735
Jun 1952  0.04946854 4.024585 -0.7067576926
Jul 1952  0.14995048 4.024616  0.0566367805
Aug 1952  0.13178766 4.024648 -0.0455617772
Sep 1952  0.06676955 4.024679  0.0062233214
Oct 1952 -0.05446114 4.024711 -1.1195433349
Nov 1952  0.06633705 4.024742  0.4164778273
Dec 1952 -0.02701146 4.024774 -0.3063861793
Jan 1953 -0.17738362 4.024805 -0.0815813573
Feb 1953 -0.30950124 4.024837 -0.1290428689
Mar 1953 -0.10899713 4.024868  0.2903127042
Apr 1953  0.09076938 4.024900  0.0114650399
May 1953  0.12227196 4.024931  0.7661864834
Jun 1953  0.04946854 4.024963  0.1683330668
Jul 1953  0.14995048 4.024994  0.1003313224
Aug 1953  0.13178766 4.025026  0.4769440235
Sep 1953  0.06676955 4.025057  0.1972616301
Oct 1953 -0.05446114 4.025089 -1.0105227184
Nov 1953  0.06633705 4.025120 -0.3561716808
Dec 1953 -0.02701146 4.025152 -0.1374107805
Jan 1954 -0.17738362 4.025183  0.1091965406
Feb 1954 -0.30950124 4.025215  0.3769627930
Mar 1954 -0.10899713 4.025246  0.4275561041
Apr 1954  0.09076938 4.025278  0.3991981553
May 1954  0.12227196 4.025309 -1.1874763083
Jun 1954  0.04946854 4.025341  0.6796424102
Jul 1954  0.14995048 4.025372 -1.2684218605
Aug 1954  0.13178766 4.025404  0.3558632998
Sep 1954  0.06676955 4.025435  0.2960521976
Oct 1954 -0.05446114 4.025467  1.3945028238
Nov 1954  0.06633705 4.025498 -0.4728421591
Dec 1954 -0.02701146 4.025530  0.0480354289
Jan 1955 -0.17738362 4.025561 -0.2345608388
Feb 1955 -0.30950124 4.025593 -0.0628394136
Mar 1955 -0.10899713 4.025624  0.3404028488
Apr 1955  0.09076938 4.025656  0.0298790001
May 1955  0.12227196 4.025687 -0.0586273618
Jun 1955  0.04946854 4.025719 -0.8724410135
Jul 1955  0.14995048 4.025750 -0.6260835115
Aug 1955  0.13178766 4.025782  0.4906601002
Sep 1955  0.06676955 4.025813 -0.6683203102
Oct 1955 -0.05446114 4.025845  0.3724216516
Nov 1955  0.06633705 4.025876 -0.1390485149
Dec 1955 -0.02701146 4.025908 -0.0229601163
Jan 1956 -0.17738362 4.025939 -0.0896839605
Feb 1956 -0.30950124 4.025971  0.1229826445
Mar 1956 -0.10899713 4.026002  0.4228964347
Apr 1956  0.09076938 4.026034  0.1216416271
May 1956  0.12227196 4.026065  0.5878610883
Jun 1956  0.04946854 4.026097 -0.4145711838
Jul 1956  0.14995048 4.026128  0.5060523509
Aug 1956  0.13178766 4.026160  0.6679632995
Sep 1956  0.06676955 4.026191 -0.4015846085
Oct 1956 -0.05446114 4.026215 -0.8406173184
Nov 1956  0.06633705 4.026239 -0.7820333898
Dec 1956 -0.02701146 4.026263  0.1979500799
Jan 1957 -0.17738362 4.026287  0.1746606928
Feb 1957 -0.30950124 4.026311  0.3470753049
Mar 1957 -0.10899713 4.026335 -0.5887114473
Apr 1957  0.09076938 4.026359  0.3476294099
May 1957  0.12227196 4.026383  0.1293988601
Jun 1957  0.04946854 4.026407  0.4448252901
Jul 1957  0.14995048 4.026431 -1.7427683064
Aug 1957  0.13178766 4.026455 -0.0473689553
Sep 1957  0.06676955 4.026479  0.4793983045
Oct 1957 -0.05446114 4.026503 -0.1720684744
Nov 1957  0.06633705 4.026527 -0.2642227537
Dec 1957 -0.02701146 4.026551  0.2316641302
Jan 1958 -0.17738362 4.026575 -0.6263235883
Feb 1958 -0.30950124 4.026599 -0.1115999517
Mar 1958 -0.10899713 4.026623 -0.7027580797
Apr 1958  0.09076938 4.026647 -0.5394684760
May 1958  0.12227196 4.026671 -0.9750644723
Jun 1958  0.04946854 4.026695 -0.7914999209
Jul 1958  0.14995048 4.026719 -0.1093535190
Aug 1958  0.13178766 4.026743  0.0770241642
Sep 1958  0.06676955 4.026767  0.2695621879
Oct 1958 -0.05446114 4.026791 -0.5319116283
Nov 1958  0.06633705 4.026815  0.1709354395
Dec 1958 -0.02701146 4.026839 -0.7650781878
Jan 1959 -0.17738362 4.026863  0.3325709611
Feb 1959 -0.30950124 4.026887  0.5893786062
Mar 1959 -0.10899713 4.026911  0.1747628749
Apr 1959  0.09076938 4.026935 -0.0068302523
May 1959  0.12227196 4.026959 -0.4259497974
Jun 1959  0.04946854 4.026983 -0.9673902745
Jul 1959  0.14995048 4.027007 -0.8555247427
Aug 1959  0.13178766 4.027031 -0.5055660372
Sep 1959  0.06676955 4.027055  0.1446207223
Oct 1959 -0.05446114 4.027079  0.4031395515
Nov 1959  0.06633705 4.027103 -0.0663038318
Dec 1959 -0.02701146 4.027127  0.3881420755
Jan 1960 -0.17738362 4.027151  0.3712102846
Feb 1960 -0.30950124 4.027175  0.4536323124
Mar 1960 -0.10899713 4.027199 -0.2572071267
Apr 1960  0.09076938 4.027222  0.0486733603
May 1960  0.12227196 4.027246  0.6109446451
Jun 1960  0.04946854 4.027270 -0.0585557791
Jul 1960  0.14995048 4.027294  0.4661839951
Aug 1960  0.13178766 4.027318 -0.4802769424
Sep 1960  0.06676955 4.027342 -2.2378139406
Oct 1960 -0.05446114 4.027366  0.0858121674
Nov 1960  0.06633705 4.027390 -0.0471734930
Dec 1960 -0.02701146 4.027414 -1.1671895119
Jan 1961 -0.17738362 4.027438 -1.4612918864
Feb 1961 -0.30950124 4.027462  0.3629605038
Mar 1961 -0.10899713 4.027486  0.4253162975
Apr 1961  0.09076938 4.027510  0.4697444166
May 1961  0.12227196 4.027534  0.0090769110
Jun 1961  0.04946854 4.027558  0.3394013340
Jul 1961  0.14995048 4.027582  0.2107245344
Aug 1961  0.13178766 4.027606 -0.1322579952
Sep 1961  0.06676955 4.027630 -0.3472513158
Oct 1961 -0.05446114 4.027654 -1.2853454705
Nov 1961  0.06633705 4.027678 -0.1504934660
Dec 1961 -0.02701146 4.027702 -0.1677108049
Jan 1962 -0.17738362 4.027726  0.3632655604
Feb 1962 -0.30950124 4.027750  0.7372606263
Mar 1962 -0.10899713 4.027774 -1.4422384713
Apr 1962  0.09076938 4.027798 -0.5776080336
May 1962  0.12227196 4.027822 -1.6905050776
Jun 1962  0.04946854 4.027846  0.1016775618
Jul 1962  0.14995048 4.027870  0.3297369601
Aug 1962  0.13178766 4.027894  0.1736799079
Sep 1962  0.06676955 4.027918  0.7865981970
Oct 1962 -0.05446114 4.027942  0.6114867674
Nov 1962  0.06633705 4.027966  0.4783441088
Dec 1962 -0.02701146 4.027990  0.0916981551
Jan 1963 -0.17738362 4.028014 -0.5963872010
Feb 1963 -0.30950124 4.028038 -1.1158468467
Mar 1963 -0.10899713 4.028062  0.1702674019
Apr 1963  0.09076938 4.028086 -0.1280209188
May 1963  0.12227196 4.028110  0.1345832553
Jun 1963  0.04946854 4.028134 -0.3234033013
Jul 1963  0.14995048 4.028158  0.1218946551
Aug 1963  0.13178766 4.028182 -0.1047121283
Sep 1963  0.06676955 4.028206 -0.2237741613
Oct 1963 -0.05446114 4.028230 -1.7654940448
Nov 1963  0.06633705 4.028254  0.0874595101
Dec 1963 -0.02701146 4.028278 -0.2423942712
Jan 1964 -0.17738362 4.028302  0.2215218100
Feb 1964 -0.30950124 4.028326 -0.3619271565
Mar 1964 -0.10899713 4.028349  0.5477045183
Apr 1964  0.09076938 4.028373  0.1835699762
May 1964  0.12227196 4.028397 -0.4273885327
Jun 1964  0.04946854 4.028421 -0.4376756865
Jul 1964  0.14995048 4.028445  0.4426476440
Aug 1964  0.13178766 4.028469  0.8342488633
Sep 1964  0.06676955 4.028493 -1.4562055896
Oct 1964 -0.05446114 4.028517 -0.1410764073
Nov 1964  0.06633705 4.028541 -0.6044498642
Dec 1964 -0.02701146 4.028565 -0.0388377244
Jan 1965 -0.17738362 4.028589  0.3987171302
Feb 1965 -0.30950124 4.028599  0.9555987611
Mar 1965 -0.10899713 4.028608 -0.1129485454
Apr 1965  0.09076938 4.028618  0.2007642484
May 1965  0.12227196 4.028627 -0.3114466931
Jun 1965  0.04946854 4.028636 -0.3867286877
Jul 1965  0.14995048 4.028646 -0.0275565000
Aug 1965  0.13178766 4.028655  0.1557108656
Sep 1965  0.06676955 4.028665  0.1017675912
Oct 1965 -0.05446114 4.028674  0.6759304477
Nov 1965  0.06633705 4.028684  0.2994284152
Dec 1965 -0.02701146 4.028693  0.1540715251
Jan 1966 -0.17738362 4.028703  0.2546247518
Feb 1966 -0.30950124 4.028712 -0.3014840863
Mar 1966 -0.10899713 4.028721  0.0984588837
Apr 1966  0.09076938 4.028731 -0.1529890743
May 1966  0.12227196 4.028740 -0.2966183955
Jun 1966  0.04946854 4.028750  0.2067466174
Jul 1966  0.14995048 4.028759 -1.4706594872
Aug 1966  0.13178766 4.028769  0.0936369559
Sep 1966  0.06676955 4.028778 -0.0863979227
Oct 1966 -0.05446114 4.028788 -0.7797432541
Nov 1966  0.06633705 4.028797  0.8656105027
Dec 1966 -0.02701146 4.028806  0.4385005951
Jan 1967 -0.17738362 4.028816  0.1631473651
Feb 1967 -0.30950124 4.028825  0.0278243099
Mar 1967 -0.10899713 4.028835 -0.8705645594
Apr 1967  0.09076938 4.028844  0.4765158940
May 1967  0.12227196 4.028854 -0.2593052724
Jun 1967  0.04946854 4.028863  0.9382857789
Jul 1967  0.14995048 4.028872 -0.0044357008
Aug 1967  0.13178766 4.028882 -0.3385712918
Sep 1967  0.06676955 4.028891  0.1253162919
Oct 1967 -0.05446114 4.028901  0.3457115622
Nov 1967  0.06633705 4.028910 -0.4214814879
Dec 1967 -0.02701146 4.028920  0.2408563373
Jan 1968 -0.17738362 4.028929  0.5551737362
Feb 1968 -0.30950124 4.028939 -0.0871282321
Mar 1968 -0.10899713 4.028948  0.1300934210
Apr 1968  0.09076938 4.028957 -0.7118849054
May 1968  0.12227196 4.028967  0.4668475584
Jun 1968  0.04946854 4.028976 -0.0197274846
Jul 1968  0.14995048 4.028986 -0.1150508983
Aug 1968  0.13178766 4.028995  0.9366415521
Sep 1968  0.06676955 4.029005  0.3826983293
Oct 1968 -0.05446114 4.029014 -0.2585448296
Nov 1968  0.06633705 4.029024  0.4393871351
Dec 1968 -0.02701146 4.029033  0.3800051222
Jan 1969 -0.17738362 4.029042  0.0663462837
Feb 1969 -0.30950124 4.029052 -0.9658899048
Mar 1969 -0.10899713 4.029061 -0.3477185269
Apr 1969  0.09076938 4.029071  0.3788578293
May 1969  0.12227196 4.029080  0.1714551397
Jun 1969  0.04946854 4.029090 -0.4175639010
Jul 1969  0.14995048 4.029099  0.4975106466
Aug 1969  0.13178766 4.029108 -0.1248871692
Sep 1969  0.06676955 4.029118 -1.3878372849
Oct 1969 -0.05446114 4.029127 -0.0828459354
Nov 1969  0.06633705 4.029137  0.1686134678
Dec 1969 -0.02701146 4.029146  0.1120123947
Jan 1970 -0.17738362 4.029156 -0.6052810839
Feb 1970 -0.30950124 4.029165 -0.3285168537
Mar 1970 -0.10899713 4.029175 -0.1428293450
Apr 1970  0.09076938 4.029184  0.2781926220
May 1970  0.12227196 4.029193 -0.1154564325
Jun 1970  0.04946854 4.029203 -0.4384571519
Jul 1970  0.14995048 4.029212  0.5526400191
Aug 1970  0.13178766 4.029222  0.5690297312
Sep 1970  0.06676955 4.029231  0.0262831625
Oct 1970 -0.05446114 4.029241  0.1809736744
Nov 1970  0.06633705 4.029250 -0.2889246616
Dec 1970 -0.02701146 4.029260  0.3860091072
Jan 1971 -0.17738362 4.029269 -0.4777166489
Feb 1971 -0.30950124 4.029278  0.5443101549
Mar 1971 -0.10899713 4.029288 -0.4087452907
Apr 1971  0.09076938 4.029297 -0.9051988735
May 1971  0.12227196 4.029307 -0.6019613133
Jun 1971  0.04946854 4.029316  0.2650207055
Jul 1971  0.14995048 4.029326  0.1838225246
Aug 1971  0.13178766 4.029335  0.6751591877
Sep 1971  0.06676955 4.029345 -0.6148739615
Oct 1971 -0.05446114 4.029354 -0.3478887479
Nov 1971  0.06633705 4.029363 -0.5374993033
Dec 1971 -0.02701146 4.029373  0.5270071130
Jan 1972 -0.17738362 4.029382 -0.2196895379
Feb 1972 -0.30950124 4.029392  0.3694415561
Mar 1972 -0.10899713 4.029401  0.6522429824
Apr 1972  0.09076938 4.029411 -0.1536687686
May 1972  0.12227196 4.029420 -0.5878090185
Jun 1972  0.04946854 4.029429  0.6484898199
Jul 1972  0.14995048 4.029439 -0.6384300586
Aug 1972  0.13178766 4.029448  0.1549178889
Sep 1972  0.06676955 4.029458  0.3357792338
Oct 1972 -0.05446114 4.029467  0.6180915241
Nov 1972  0.06633705 4.029477  0.1822403281
Dec 1972 -0.02701146 4.029486  0.5514022496
Jan 1973 -0.17738362 4.029496 -0.3169665688
Feb 1973 -0.30950124 4.029505 -0.1281860054
Mar 1973 -0.10899713 4.029514  0.8769247794
Apr 1973  0.09076938 4.029524  0.0100617580
May 1973  0.12227196 4.029533  0.3243945399
Jun 1973  0.04946854 4.029607  0.1374864733
Jul 1973  0.14995048 4.029681 -0.0444649892
Aug 1973  0.13178766 4.029755 -0.7873738961
Sep 1973  0.06676955 4.029829 -0.1206620463
Oct 1973 -0.05446114 4.029903  0.8504692873
Nov 1973  0.06633705 4.029977  0.4362858518
Dec 1973 -0.02701146 4.030050  0.3342517332
Jan 1974 -0.17738362 4.030124  0.3489623515
Feb 1974 -0.30950124 4.030198  0.0904000936
Mar 1974 -0.10899713 4.030272  0.1200203599
Apr 1974  0.09076938 4.030346  0.4028447614
May 1974  0.12227196 4.030420  0.7889505898
Jun 1974  0.04946854 4.030494  0.7665842160
Jul 1974  0.14995048 4.030568 -0.1080783870
Aug 1974  0.13178766 4.030642 -1.4882805239
Sep 1974  0.06676955 4.030715 -0.2580326328
Oct 1974 -0.05446114 4.030789 -0.7941162928
Nov 1974  0.06633705 4.030863  0.2162798829
Dec 1974 -0.02701146 4.030937 -0.1862132496
Jan 1975 -0.17738362 4.031011  0.0898943755
Feb 1975 -0.30950124 4.031085  0.5606227382
Mar 1975 -0.10899713 4.031159  0.2335916411
Apr 1975  0.09076938 4.031233  0.1207626302
May 1975  0.12227196 4.031306  0.0099812305
Jun 1975  0.04946854 4.031380  0.0543176993
Jul 1975  0.14995048 4.031454 -0.2437139296
Aug 1975  0.13178766 4.031528  0.5280321410
Sep 1975  0.06676955 4.031602  0.0806205230
Oct 1975 -0.05446114 4.031676  0.0282986473
Nov 1975  0.06633705 4.031750 -0.0925734287
Dec 1975 -0.02701146 4.031824  0.2422535057
Jan 1976 -0.17738362 4.031897  0.1024825062
Feb 1976 -0.30950124 4.031971  0.3584514128
Mar 1976 -0.10899713 4.032045  0.8331249424
Apr 1976  0.09076938 4.032119  0.1551655392
May 1976  0.12227196 4.032193  0.5869828357
Jun 1976  0.04946854 4.032267  0.3407131238
Jul 1976  0.14995048 4.032341  0.2219859939
Aug 1976  0.13178766 4.032415  0.0071032942
Sep 1976  0.06676955 4.032489  0.1478075680
Oct 1976 -0.05446114 4.032562  0.1885639546
Nov 1976  0.06633705 4.032636 -1.6393845033
Dec 1976 -0.02701146 4.032710 -0.4194058461
Jan 1977 -0.17738362 4.032784 -0.2471888818
Feb 1977 -0.30950124 4.032858 -0.4537877578
Mar 1977 -0.10899713 4.032932  0.3513415797
Apr 1977  0.09076938 4.033006  0.1289967258
May 1977  0.12227196 4.033080 -0.8124897319
Jun 1977  0.04946854 4.033153  0.5617689058
Jul 1977  0.14995048 4.033227  0.5917351429
Aug 1977  0.13178766 4.033301  0.4725484990
Sep 1977  0.06676955 4.033375  0.9381058119
Oct 1977 -0.05446114 4.033449  0.2608990304
Nov 1977  0.06633705 4.033523  0.3533239159
Dec 1977 -0.02701146 4.033597  0.6213243936
Jan 1978 -0.17738362 4.033671  0.3807138619
Feb 1978 -0.30950124 4.033745 -1.5159688514
Mar 1978 -0.10899713 4.033818 -0.2409543407
Apr 1978  0.09076938 4.033892  0.0326577205
May 1978  0.12227196 4.033966  0.0662064604
Jun 1978  0.04946854 4.034040 -0.8566645668
Jul 1978  0.14995048 4.034114 -0.4345603097
Aug 1978  0.13178766 4.034188 -0.0133619747
Sep 1978  0.06676955 4.034262  0.7990448864
Oct 1978 -0.05446114 4.034336  0.0490423518
Nov 1978  0.06633705 4.034409 -0.1323431421
Dec 1978 -0.02701146 4.034483  0.1050400189
Jan 1979 -0.17738362 4.034557  0.3855909986
Feb 1979 -0.30950124 4.034631 -0.2135843940
Mar 1979 -0.10899713 4.034705 -0.0524256438
Apr 1979  0.09076938 4.034779  0.3585836488
May 1979  0.12227196 4.034853  0.4400133419
Jun 1979  0.04946854 4.034927  0.1894893468
Jul 1979  0.14995048 4.035000  0.0345567516
Aug 1979  0.13178766 4.035074  0.1399021372
Sep 1979  0.06676955 4.035148 -0.3064285959
Oct 1979 -0.05446114 4.035222  0.4524339483
Nov 1979  0.06633705 4.035296  0.4679099594
Dec 1979 -0.02701146 4.035370  0.6067621016
Jan 1980 -0.17738362 4.035444 -0.2257510340
Feb 1980 -0.30950124 4.035518 -0.9471971288
Mar 1980 -0.10899713 4.035592  0.4898336725
Apr 1980  0.09076938 4.035665  0.5911708386
May 1980  0.12227196 4.035739 -0.2723322103
Jun 1980  0.04946854 4.035813  0.4055993424
Jul 1980  0.14995048 4.035887  1.0198161602
Aug 1980  0.13178766 4.035961 -0.5487552543
Sep 1980  0.06676955 4.036035 -0.1306274247
Oct 1980 -0.05446114 4.036109  0.5036123484
Nov 1980  0.06633705 4.036183 -0.5386366529
Dec 1980 -0.02701146 4.036256  0.1605162184
Jan 1981 -0.17738362 4.036330 -1.3824083044
Feb 1981 -0.30950124 4.036404  0.4657774942
Mar 1981 -0.10899713 4.036478 -1.0482824995
Apr 1981  0.09076938 4.036552 -0.2213164116
May 1981  0.12227196 4.036626 -0.0967321444
Jun 1981  0.04946854 4.036700  0.0328689097
Jul 1981  0.14995048 4.036774  0.0119804882
Aug 1981  0.13178766 4.036847  0.6872937555
Sep 1981  0.06676955 4.036921  0.5339464552
Oct 1981 -0.05446114 4.037041  0.9219543815
Nov 1981  0.06633705 4.037160 -0.0465079547
Dec 1981 -0.02701146 4.037279 -0.4839068449
Jan 1982 -0.17738362 4.037398  0.1345098632
Feb 1982 -0.30950124 4.037517 -0.3851540961
Mar 1982 -0.10899713 4.037636  0.2426664417
Apr 1982  0.09076938 4.037755 -0.3650018252
May 1982  0.12227196 4.037875 -0.3512643122
Jun 1982  0.04946854 4.037994  0.6354909333
Jul 1982  0.14995048 4.038113 -0.7508555663
Aug 1982  0.13178766 4.038232  0.6183050113
Sep 1982  0.06676955 4.038351  0.7539161473
Oct 1982 -0.05446114 4.038470 -0.2112482853
Nov 1982  0.06633705 4.038590  0.4468428371
Dec 1982 -0.02701146 4.038709  0.3815166128
Jan 1983 -0.17738362 4.038828 -0.3439463681
Feb 1983 -0.30950124 4.038947 -0.0256776759
Mar 1983 -0.10899713 4.039066  0.4176249523
Apr 1983  0.09076938 4.039185  0.2912926838
May 1983  0.12227196 4.039304  0.4385812437
Jun 1983  0.04946854 4.039424 -0.5923845686
Jul 1983  0.14995048 4.039543 -1.2825921673
Aug 1983  0.13178766 4.039662  0.5488334336
Sep 1983  0.06676955 4.039781 -0.1010372558
Oct 1983 -0.05446114 4.039900  0.2884454110
Nov 1983  0.06633705 4.040019  0.3834029206
Dec 1983 -0.02701146 4.040139  0.3935921943
Jan 1984 -0.17738362 4.040258 -0.4550321228
Feb 1984 -0.30950124 4.040377  0.3466618597
Mar 1984 -0.10899713 4.040496  0.1544774675
Apr 1984  0.09076938 4.040615 -0.0589447789
May 1984  0.12227196 4.040734  0.4697791108
Jun 1984  0.04946854 4.040853 -0.2170397947
Jul 1984  0.14995048 4.040973 -0.0430377398
Aug 1984  0.13178766 4.041092 -0.0171262108
Sep 1984  0.06676955 4.041211  0.2054996461
Oct 1984 -0.05446114 4.041330 -0.7249335925
Nov 1984  0.06633705 4.041449  0.1392793937
Dec 1984 -0.02701146 4.041568  0.1012229483
Jan 1985 -0.17738362 4.041688  0.4742931878
Feb 1985 -0.30950124 4.041807  0.6877392760
Mar 1985 -0.10899713 4.041926  0.4314430127
Apr 1985  0.09076938 4.042045 -0.6332810651
May 1985  0.12227196 4.042164  0.1649806005
Jun 1985  0.04946854 4.042283 -0.4727584869
Jul 1985  0.14995048 4.042402  0.3239860617
Aug 1985  0.13178766 4.042522  0.8528553531
Sep 1985  0.06676955 4.042641 -0.0558877201
Oct 1985 -0.05446114 4.042760 -0.0313023775
Nov 1985  0.06633705 4.042879  0.9771449073
Dec 1985 -0.02701146 4.042998 -0.4352494409
Jan 1986 -0.17738362 4.043117 -0.5885889976
Feb 1986 -0.30950124 4.043237 -0.2679993648
Mar 1986 -0.10899713 4.043356 -0.0466282156
Apr 1986  0.09076938 4.043475 -0.1452601426
May 1986  0.12227196 4.043594  0.1542853053
Jun 1986  0.04946854 4.043713  0.1174633627
Jul 1986  0.14995048 4.043832  0.6126942903
Aug 1986  0.13178766 4.043951  0.8092364627
Sep 1986  0.06676955 4.044071  1.2471602392
Oct 1986 -0.05446114 4.044190  0.0139616037
Nov 1986  0.06633705 4.044309 -0.3174064696
Dec 1986 -0.02701146 4.044428  0.1917436585
Jan 1987 -0.17738362 4.044547  0.1688454129
Feb 1987 -0.30950124 4.044666 -1.0405379286
Mar 1987 -0.10899713 4.044786 -0.1470635811
Apr 1987  0.09076938 4.044905 -0.2276590469
May 1987  0.12227196 4.045024 -0.7795214060
Jun 1987  0.04946854 4.045143  0.1292982696
Jul 1987  0.14995048 4.045262  0.4878441306
Aug 1987  0.13178766 4.045381 -0.2201725553
Sep 1987  0.06676955 4.045500  0.5698612559
Oct 1987 -0.05446114 4.045620 -0.1178762549
Nov 1987  0.06633705 4.045739  0.3115725287
Dec 1987 -0.02701146 4.045858 -0.1602241911
Jan 1988 -0.17738362 4.045977 -0.8005404789
Feb 1988 -0.30950124 4.046096  0.4316194597
Mar 1988 -0.10899713 4.046215 -0.7759714999
Apr 1988  0.09076938 4.046334 -0.1261409194
May 1988  0.12227196 4.046454 -0.4898964908
Jun 1988  0.04946854 4.046573 -0.8771655138
Jul 1988  0.14995048 4.046692  0.5011069315
Aug 1988  0.13178766 4.046811 -0.5622900068
Sep 1988  0.06676955 4.046930  0.1433303316
Oct 1988 -0.05446114 4.047049  0.2180567442
Nov 1988  0.06633705 4.047169 -0.0513399586
Dec 1988 -0.02701146 4.047288 -0.5702887157
Jan 1989 -0.17738362 4.047407 -0.6157802871
Feb 1989 -0.30950124 4.047526 -0.7935858136
Mar 1989 -0.10899713 4.047645 -0.3250310840
Apr 1989  0.09076938 4.047764 -0.4225255929
May 1989  0.12227196 4.047883  0.2018208481
Jun 1989  0.04946854 4.048003  0.4532428198
Jul 1989  0.14995048 4.048122  0.0561209857
Aug 1989  0.13178766 4.048241 -0.5011994915
Sep 1989  0.06676955 4.048360 -0.3286698722
Oct 1989 -0.05446114 4.048479  0.3393433473
Nov 1989  0.06633705 4.048598  0.2481631606
Dec 1989 -0.02701146 4.048718 -0.8520205226
Jan 1990 -0.17738362 4.048837 -0.2686763424
Feb 1990 -0.30950124 4.048948  0.6030591254
Mar 1990 -0.10899713 4.049059 -0.5831650057
Apr 1990  0.09076938 4.049171 -0.1696479923
May 1990  0.12227196 4.049282  0.2897460568
Jun 1990  0.04946854 4.049393  0.1410252625
Jul 1990  0.14995048 4.049504  0.0259180060
Aug 1990  0.13178766 4.049616  0.5424384482
Sep 1990  0.06676955 4.049727 -0.3599583264
Oct 1990 -0.05446114 4.049838  0.4796844943
Nov 1990  0.06633705 4.049949 -0.4374573534
Dec 1990 -0.02701146 4.050061  0.7025671117
Jan 1991 -0.17738362 4.050172 -0.3582622712
Feb 1991 -0.30950124 4.050283 -0.5837815705
Mar 1991 -0.10899713 4.050395  0.6445899974
Apr 1991  0.09076938 4.050506  0.6071292076
May 1991  0.12227196 4.050617  0.2531545207
Jun 1991  0.04946854 4.050728 -0.9056137133
Jul 1991  0.14995048 4.050840  0.3100694472
Aug 1991  0.13178766 4.050951  0.3325069703
Sep 1991  0.06676955 4.051062 -0.1646667208
Oct 1991 -0.05446114 4.051173 -0.1615702858
Nov 1991  0.06633705 4.051285 -0.0869271771
Dec 1991 -0.02701146 4.051396 -0.2244109663
Jan 1992 -0.17738362 4.051507 -0.2578148175
Feb 1992 -0.30950124 4.051618 -0.1867691708
Mar 1992 -0.10899713 4.051730 -0.8654203492
Apr 1992  0.09076938 4.051841  0.7537357606
May 1992  0.12227196 4.051952  0.0699760777
Jun 1992  0.04946854 4.052064 -0.4852233249
Jul 1992  0.14995048 4.052175  0.6994388991
Aug 1992  0.13178766 4.052286  0.8554728888
Sep 1992  0.06676955 4.052397  0.4698738938
Oct 1992 -0.05446114 4.052509  0.1916072545
Nov 1992  0.06633705 4.052620  0.5557392958
Dec 1992 -0.02701146 4.052731  0.0049748266
Jan 1993 -0.17738362 4.052842  0.3815713251
Feb 1993 -0.30950124 4.052954 -0.4625412571
Mar 1993 -0.10899713 4.053065 -0.5100806459
Apr 1993  0.09076938 4.053176  0.3034004731
May 1993  0.12227196 4.053288 -0.2320378082
Jun 1993  0.04946854 4.053399  0.7934788209
Jul 1993  0.14995048 4.053510  0.2704613588
Aug 1993  0.13178766 4.053621 -0.4990326655
Sep 1993  0.06676955 4.053733 -0.0395806089
Oct 1993 -0.05446114 4.053844  0.2632971489
Nov 1993  0.06633705 4.053955  0.0571672754
Dec 1993 -0.02701146 4.054066 -0.6666795620
Jan 1994 -0.17738362 4.054178  0.2340798042
Feb 1994 -0.30950124 4.054289 -0.7391051091
Mar 1994 -0.10899713 4.054400 -0.0096635590
Apr 1994  0.09076938 4.054511  0.4190673232
May 1994  0.12227196 4.054623  0.1900182756
Jun 1994  0.04946854 4.054734 -0.1078384136
Jul 1994  0.14995048 4.054845  0.2140448266
Aug 1994  0.13178766 4.054957 -0.0907343885
Sep 1994  0.06676955 4.055068 -0.1821992190
Oct 1994 -0.05446114 4.055179 -0.6901749554
Nov 1994  0.06633705 4.055290  0.3198466592
Dec 1994 -0.02701146 4.055402 -0.0887520173
Jan 1995 -0.17738362 4.055513  1.0144729266
Feb 1995 -0.30950124 4.055624 -0.7111699675
Mar 1995 -0.10899713 4.055735 -0.0188419770
Apr 1995  0.09076938 4.055847  0.1919809678
May 1995  0.12227196 4.055958  0.2876781568
Jun 1995  0.04946854 4.056069 -0.1523728593
Jul 1995  0.14995048 4.056181 -0.1915514280
Aug 1995  0.13178766 4.056292  0.7201538898
Sep 1995  0.06676955 4.056403 -0.8089866274
Oct 1995 -0.05446114 4.056514  0.8792324127
Nov 1995  0.06633705 4.056626  0.6777742948
Dec 1995 -0.02701146 4.056737 -0.4517775370
Jan 1996 -0.17738362 4.056848  0.4055003806
Feb 1996 -0.30950124 4.056959 -0.1046226792
Mar 1996 -0.10899713 4.057071 -0.3590144534
Apr 1996  0.09076938 4.057182  0.4730921856
May 1996  0.12227196 4.057293  0.3268890105
Jun 1996  0.04946854 4.057405  0.6638115758
Jul 1996  0.14995048 4.057516  0.3713599482
Aug 1996  0.13178766 4.057627 -0.3140556902
Sep 1996  0.06676955 4.057738  0.9886840097
Oct 1996 -0.05446114 4.057850  0.3247098426
Nov 1996  0.06633705 4.057961 -0.7297895218
Dec 1996 -0.02701146 4.058072  0.5249192708
Jan 1997 -0.17738362 4.058183  0.2874146289
Feb 1997 -0.30950124 4.058295  0.6155782640
Mar 1997 -0.10899713 4.058406  0.2962251969
Apr 1997  0.09076938 4.058517 -0.7751178809
May 1997  0.12227196 4.058628 -0.0003781847
Jun 1997  0.04946854 4.058740 -0.1803119347
Jul 1997  0.14995048 4.058851 -0.8076041214
Aug 1997  0.13178766 4.058962  0.0831345242
Sep 1997  0.06676955 4.059074 -0.2546421024
Oct 1997 -0.05446114 4.059185 -0.4436776081
Nov 1997  0.06633705 4.059296 -0.1182999707
Dec 1997 -0.02701146 4.059407 -0.6245539873
Jan 1998 -0.17738362 4.059519  0.6946356890
Feb 1998 -0.30950124 4.059630  0.0741554151
Mar 1998 -0.10899713 4.059741  0.6382967506
Apr 1998  0.09076938 4.059852 -0.1040679324
May 1998  0.12227196 4.059964  0.0916487923
Jun 1998  0.04946854 4.060060  0.2787290333
Jul 1998  0.14995048 4.060156 -0.3945938810
Aug 1998  0.13178766 4.060251 -0.9036371686
Sep 1998  0.06676955 4.060347 -0.4790593792
Oct 1998 -0.05446114 4.060443 -0.8279282070
Nov 1998  0.06633705 4.060539 -0.6123500570
Dec 1998 -0.02701146 4.060635  0.1095112255
Jan 1999 -0.17738362 4.060731  0.7894816016
Feb 1999 -0.30950124 4.060827 -0.4407824943
Mar 1999 -0.10899713 4.060923 -0.7991894840
Apr 1999  0.09076938 4.061019 -0.2620105084
May 1999  0.12227196 4.061114 -0.5198247329
Jun 1999  0.04946854 4.061210  0.0820016165
Jul 1999  0.14995048 4.061306 -0.4180172119
Aug 1999  0.13178766 4.061402 -0.1156523075
Sep 1999  0.06676955 4.061498  0.2537591006
Oct 1999 -0.05446114 4.061594  0.1167706318
Nov 1999  0.06633705 4.061690  0.2312428283
Dec 1999 -0.02701146 4.061786 -0.7576294631
Jan 2000 -0.17738362 4.061882 -0.5103292189
Feb 2000 -0.30950124 4.061977  0.1270236108
Mar 2000 -0.10899713 4.062073 -1.0192193318
Apr 2000  0.09076938 4.062169  0.2202995285
May 2000  0.12227196 4.062265  0.6389651060
Jun 2000  0.04946854 4.062361  1.0192519054
Jul 2000  0.14995048 4.062457 -0.6919465742
Aug 2000  0.13178766 4.062553 -0.5567542870
Sep 2000  0.06676955 4.062649  0.1190770126
Oct 2000 -0.05446114 4.062745 -1.1403845259
Nov 2000  0.06633705 4.062840 -0.1109943132
Dec 2000 -0.02701146 4.062936  0.2323729779
Jan 2001 -0.17738362 4.063032 -0.4452305286
Feb 2001 -0.30950124 4.063128  0.7896678840
Mar 2001 -0.10899713 4.063224 -0.5074190040
Apr 2001  0.09076938 4.063320 -0.5595205208
May 2001  0.12227196 4.063416  0.3382723609
Jun 2001  0.04946854 4.063512  0.0109231274
Jul 2001  0.14995048 4.063608 -0.6871975473
Aug 2001  0.13178766 4.063703 -0.6516374600
Sep 2001  0.06676955 4.063799 -0.2105777496
Oct 2001 -0.05446114 4.063895  0.6800772112
Nov 2001  0.06633705 4.063991  0.1871599037
Dec 2001 -0.02701146 4.064087 -0.3333075201
Jan 2002 -0.17738362 4.064183 -0.0538195207
Feb 2002 -0.30950124 4.064279 -0.1067201339
Mar 2002 -0.10899713 4.064375  0.1604022507
Apr 2002  0.09076938 4.064471  0.4814288623
May 2002  0.12227196 4.064567  0.2039001104
Jun 2002  0.04946854 4.064662 -0.0264753583
Jul 2002  0.14995048 4.064758 -0.1371713233
Aug 2002  0.13178766 4.064854 -1.7456367392
Sep 2002  0.06676955 4.064950 -0.0507980781
Oct 2002 -0.05446114 4.065046 -0.2493847029
Nov 2002  0.06633705 4.065142  0.0761943424
Dec 2002 -0.02701146 4.065238 -0.5569861927
Jan 2003 -0.17738362 4.065334 -0.3212381939
Feb 2003 -0.30950124 4.065430  0.0899549141
Mar 2003 -0.10899713 4.065525 -0.0445052821
Apr 2003  0.09076938 4.065621 -0.0488008970
May 2003  0.12227196 4.065717  0.8411407165
Jun 2003  0.04946854 4.065813  0.0404715627
Jul 2003  0.14995048 4.065909 -0.0231789996
Aug 2003  0.13178766 4.066005 -0.2199817866
Sep 2003  0.06676955 4.066101  0.6050809819
Oct 2003 -0.05446114 4.066197 -0.1117850896
Nov 2003  0.06633705 4.066293  0.8175477247
Dec 2003 -0.02701146 4.066388  0.0812848932
Jan 2004 -0.17738362 4.066484  0.0148901244
Feb 2004 -0.30950124 4.066580 -0.7221259974
Mar 2004 -0.10899713 4.066676  0.1917848787
Apr 2004  0.09076938 4.066772  0.0044618294
May 2004  0.12227196 4.066868  0.4039577493
Jun 2004  0.04946854 4.066964  0.0235227506
Jul 2004  0.14995048 4.067060  0.5688135279
Aug 2004  0.13178766 4.067156 -0.1045986657
Sep 2004  0.06676955 4.067251 -0.9071770161
Oct 2004 -0.05446114 4.067347 -0.4518401265
Nov 2004  0.06633705 4.067443  0.0375253077
Dec 2004 -0.02701146 4.067539  0.4637165948
Jan 2005 -0.17738362 4.067635  0.3639418586
Feb 2005 -0.30950124 4.067731  0.5672266038
Mar 2005 -0.10899713 4.067827 -0.4684011627
Apr 2005  0.09076938 4.067923  0.4221854168
May 2005  0.12227196 4.068019 -1.5230623442
Jun 2005  0.04946854 4.068114 -0.6581167284
Jul 2005  0.14995048 4.068210 -1.2026259523
Aug 2005  0.13178766 4.068306  0.7096154523
Sep 2005  0.06676955 4.068402  0.2418423870
Oct 2005 -0.05446114 4.068498 -0.1554146757
Nov 2005  0.06633705 4.068594  0.4920006868
Dec 2005 -0.02701146 4.068690  0.0341627228
Jan 2006 -0.17738362 4.068786  0.4207384073
Feb 2006 -0.30950124 4.068882  0.5554375103
Mar 2006 -0.10899713 4.068978 -0.0722500605
Apr 2006  0.09076938 4.069073 -0.0262774965
May 2006  0.12227196 4.069169  0.2152780012
Jun 2006  0.04946854 4.069265 -0.3032216084
Jul 2006  0.14995048 4.069361  0.4365517519
Aug 2006  0.13178766 4.069457 -0.5073776229
Sep 2006  0.06676955 4.069553  0.2152450260
Oct 2006 -0.05446114 4.069640  0.7772999945
Nov 2006  0.06633705 4.069728  0.1364256811
Dec 2006 -0.02701146 4.069816  0.0907611419
Jan 2007 -0.17738362 4.069903 -0.2392672792
Feb 2007 -0.30950124 4.069991 -0.5577430776
Mar 2007 -0.10899713 4.070078 -0.4525253093
Apr 2007  0.09076938 4.070166 -0.0533455090
May 2007  0.12227196 4.070254  0.1061195635
Jun 2007  0.04946854 4.070341 -0.3539691245
Jul 2007  0.14995048 4.070429 -0.3617569161
Aug 2007  0.13178766 4.070516 -1.1673509183
Sep 2007  0.06676955 4.070604 -0.7839666600
Oct 2007 -0.05446114 4.070691 -0.2977920101
Nov 2007  0.06633705 4.070779  0.3379454575
Dec 2007 -0.02701146 4.070867  0.4855133624
Jan 2008 -0.17738362 4.070954  0.1703148225
Feb 2008 -0.30950124 4.071042  0.9168801505
Mar 2008 -0.10899713 4.071129  0.1585296846
Apr 2008  0.09076938 4.071217 -0.1619523918
May 2008  0.12227196 4.071304  0.0376273060
Jun 2008  0.04946854 4.071392  0.5832495374
Jul 2008  0.14995048 4.071480  1.0422958003
Aug 2008  0.13178766 4.071567  0.3249342600
Sep 2008  0.06676955 4.071655  0.2852239549
Oct 2008 -0.05446114 4.071742 -0.3384521248
Nov 2008  0.06633705 4.071830  0.2413564847
Dec 2008 -0.02701146 4.071918  0.5582620965
Jan 2009 -0.17738362 4.072005 -0.1013820395
Feb 2009 -0.30950124 4.072093  0.5360535519
Mar 2009 -0.10899713 4.072180  0.2680205823
Apr 2009  0.09076938 4.072268  0.7318130099
May 2009  0.12227196 4.072355 -0.0870376266
Jun 2009  0.04946854 4.072443  0.1294367380
Jul 2009  0.14995048 4.072531  0.2178144447
Aug 2009  0.13178766 4.072618  0.7654074413
Sep 2009  0.06676955 4.072706 -0.4456083355
Oct 2009 -0.05446114 4.072793  0.2443476573
Nov 2009  0.06633705 4.072881 -0.6672515439
Dec 2009 -0.02701146 4.072969  0.3410571128
Jan 2010 -0.17738362 4.073056 -0.7010893533
Feb 2010 -0.30950124 4.073144 -0.5527987973
Mar 2010 -0.10899713 4.073231  0.1725311389
Apr 2010  0.09076938 4.073319 -0.5750291091
May 2010  0.12227196 4.073406 -0.2638527595
Jun 2010  0.04946854 4.073494  1.1324473158
Jul 2010  0.14995048 4.073582  0.2718232452
Aug 2010  0.13178766 4.073669 -0.1347221384
Sep 2010  0.06676955 4.073757  0.3390806553
Oct 2010 -0.05446114 4.073844  0.0271707020
Nov 2010  0.06633705 4.073932  0.0524114899
Dec 2010 -0.02701146 4.074020 -0.4415101949
Jan 2011 -0.17738362 4.074107 -0.1590538439
Feb 2011 -0.30950124 4.074195  0.0854541746
Mar 2011 -0.10899713 4.074282  0.5499603626
Apr 2011  0.09076938 4.074370  0.4054395367
May 2011  0.12227196 4.074457  0.7590976888
Jun 2011  0.04946854 4.074545 -0.0464760825
Jul 2011  0.14995048 4.074633 -0.7464246286
Aug 2011  0.13178766 4.074720  0.0729322343
Sep 2011  0.06676955 4.074808  0.3010739721
Oct 2011 -0.05446114 4.074895  0.7603685816
Nov 2011  0.06633705 4.074983  0.4436475290
Dec 2011 -0.02701146 4.075070 -0.0968152981
Jan 2012 -0.17738362 4.075158  0.0949064696
Feb 2012 -0.30950124 4.075246 -0.4848331880
Mar 2012 -0.10899713 4.075333 -1.0759643346
Apr 2012  0.09076938 4.075421 -0.3911330308
May 2012  0.12227196 4.075508 -0.4045408760
Jun 2012  0.04946854 4.075596  0.2109181932
Jul 2012  0.14995048 4.075684  0.3795361579
Aug 2012  0.13178766 4.075771 -0.2486521969
Sep 2012  0.06676955 4.075859  0.6531622846
Oct 2012 -0.05446114 4.075946  0.8179663320
Nov 2012  0.06633705 4.076034 -1.8199832060
Dec 2012 -0.02701146 4.076121  0.0182058965
[1] "This is deseasonalized data"
             Jan         Feb         Mar         Apr         May         Jun
1940  60.4169164  51.6207283  55.9738552  48.7093783 113.8312245  82.2115161
1941  83.2169164  48.6207283  44.4738552  42.9093783  44.2312245  71.8115161
1942  49.2169164  58.7207283 124.7738552  41.3093783 198.9312245  28.9115161
1943  83.0169164  66.4207283  92.9738552  54.5093783  94.8312245  41.3115161
1944  32.2169164  80.8207283  89.1738552  80.7093783 128.3312245  98.5115161
1945  52.2169164  65.4207283 121.6738552  81.0093783 135.4312245  77.4115161
1946 109.6169164  75.5207283  36.0738552  14.9093783  85.9312245  39.8115161
1947 110.4169164  44.8207283  54.3738552  72.8093783  75.2312245 113.2115161
1948  52.2169164  84.7207283  65.5738552  50.5093783  53.1312245  76.6115161
1949  81.4169164  93.5207283  70.6738552  29.1093783  -0.1687755   0.2115161
1950 108.6169164  89.7207283  70.8738552  59.6093783  10.5312245  60.1115161
1951  72.6169164  61.8207283 105.1738552 106.6093783  27.2312245  84.5115161
1952  79.4169164  58.5207283  74.1738552  56.3093783  63.0312245  25.1115161
1953  55.3169164  53.7207283  74.7738552  59.9093783 126.5312245  65.7115161
1954  64.4169164  77.5207283  84.6738552  89.3093783   9.7312245 112.2115161
1955  49.2169164  56.2207283  78.2738552  61.1093783  50.1312245  20.7115161
1956  55.0169164  64.1207283  84.3738552  67.2093783 104.4312245  35.0115161
1957  68.0169164  75.8207283  35.5738552  84.8093783  62.5312245  88.0115161
1958  37.2169164  54.4207283  32.5738552  33.7093783  14.3312245  22.8115161
1959  77.6169164  91.8207283  67.5738552  58.9093783  31.8312245  18.5115161
1960  80.2169164  82.4207283  46.5738552  62.4093783 107.2312245  51.7115161
1961  23.0169164  76.8207283  84.6738552  96.2093783  54.4312245  78.9115161
1962  79.7169164 103.7207283  19.5738552  32.4093783   2.1312245  61.4115161
1963  38.0169164  31.1207283  67.3738552  52.0093783  63.0312245  38.8115161
1964  70.8169164  46.3207283  94.7738552  71.8093783  31.8312245  34.2115161
1965  82.2169164 124.8207283  52.6738552  73.1093783  36.9312245  36.2115161
1966  72.8169164  48.1207283  63.2738552  50.7093783  37.6312245  68.7115161
1967  67.5169164  60.0207283  28.7738552  97.0093783  39.4312245 147.0115161
1968  94.1169164  55.4207283  65.0738552  28.1093783  91.7312245  54.0115161
1969  62.4169164  33.3207283  43.2738552  87.8093783  65.8312245  35.0115161
1970  37.8169164  47.3207283  51.3738552  79.2093783  47.0312245  34.2115161
1971  41.3169164  88.7207283  41.1738552  22.8093783  25.2312245  73.1115161
1972  49.9169164  77.3207283 104.4738552  50.7093783  25.7312245 109.1115161
1973  46.4169164  53.9207283 128.8738552  60.1093783  78.3312245  63.9115161
1974  78.9169164  62.8207283  64.5738552  90.1093783 130.4312245 123.4115161
1975  63.7169164  90.0207283  71.4738552  67.5093783  54.7312245  58.6115161
1976  64.4169164  76.8207283 123.9738552  70.0093783 105.0312245  79.4115161
1977  49.0169164  43.9207283  79.5738552  68.2093783  18.7312245 100.1115161
1978  81.3169164  26.7207283  47.4738552  61.8093783  58.6312245  21.3115161
1979  81.7169164  51.1207283  55.7738552  86.5093783  89.6312245  67.9115161
1980  49.9169164  33.7207283  90.4738552 109.8093783  39.1312245  85.3115161
1981  24.0169164  83.8207283  25.4738552  47.6093783  48.5312245  57.6115161
1982  66.4169164  45.9207283  72.4738552  41.0093783  35.5312245 108.6115161
1983  45.8169164  58.2207283  84.9738552  81.1093783  89.9312245  29.1115161
1984  42.3169164  76.6207283  67.1738552  56.6093783  93.2312245  44.2115161
1985  88.7169164 100.7207283  86.2738552  31.0093783  66.3312245  33.4115161
1986  38.6169164  49.6207283  56.4738552  51.9093783  65.6312245  63.5115161
1987  68.7169164  32.4207283  51.8738552  47.7093783  20.0312245  64.4115161
1988  33.6169164  82.2207283  31.2738552  53.1093783  30.0312245  21.1115161
1989  38.0169164  36.6207283  44.7738552  39.0093783  69.6312245  90.8115161
1990  48.8169164  94.5207283  36.3738552  50.9093783  77.0312245  65.5115161
1991  45.7169164  41.1207283 105.7738552 113.3093783  74.0312245  20.5115161
1992  49.3169164  52.6207283  29.3738552 131.7093783  60.1312245  33.3115161
1993  82.7169164  44.2207283  38.6738552  83.3093783  42.0312245 129.9115161
1994  73.1169164  37.8207283  58.8738552  93.9093783  69.2312245  50.5115161
1995 145.4169164  38.4207283  58.4738552  74.5093783  77.4312245  48.2115161
1996  84.7169164  55.8207283  43.8738552  99.5093783  81.0312245 114.1115161
1997  76.7169164  96.2207283  77.4738552  27.1093783  55.8312245  46.9115161
1998 109.3169164  63.4207283 106.0738552  55.1093783  62.2312245  76.6115161
1999 119.1169164  45.0207283  31.0738552  46.8093783  29.4312245  62.3115161
2000  41.3169164  66.0207283  26.4738552  77.2093783 114.8312245 165.3115161
2001  43.3169164 111.6207283  39.0738552  34.3093783  82.6312245  57.9115161
2002  58.3169164  56.0207283  68.9738552 101.1093783  71.1312245  55.7115161
2003  47.5169164  64.4207283  57.6738552  58.7093783 143.2312245  59.9115161
2004  61.7169164  38.4207283  71.0738552  62.1093783  89.2312245  58.9115161
2005  82.5169164  93.2207283  40.4738552  95.5093783   4.8312245  27.9115161
2006  86.7169164  92.4207283  56.4738552  60.3093783  72.4312245  41.5115161
2007  50.7169164  42.2207283  41.0738552  58.7093783  64.0312245  39.3115161
2008  70.3169164 125.2207283  69.2738552  52.5093783  59.2312245 106.5115161
2009  56.5169164  91.2207283  76.4738552 131.5093783  51.2312245  66.3115161
2010  36.5169164  42.4207283  70.2738552  34.1093783  41.4312245 187.7115161
2011  54.1169164  64.6207283  99.0738552  94.5093783 132.4312245  55.1115161
2012  66.3169164  44.2207283  25.6738552  41.5093783  34.8312245  72.5115161
             Jul         Aug         Sep         Oct         Nov         Dec
1940  60.4685305  74.4853638  96.3720919  47.5457358 111.8577293  87.2069295
1941  57.6685305  29.7853638  19.0720919  91.2457358  50.1577293  45.7069295
1942  99.5685305  19.0853638  93.7720919  58.4457358  75.5577293 114.6069295
1943  76.1685305  39.6853638  29.0720919  75.4457358  38.1577293  20.1069295
1944  79.7685305  45.2853638  57.9720919  19.5457358  40.2577293  75.2069295
1945 107.6685305  39.3853638 122.7720919  59.2457358  52.1577293  46.3069295
1946  68.7685305  28.1853638  67.6720919  83.0457358  42.0577293  54.9069295
1947  92.6685305  51.3853638  31.5720919  36.3457358  27.2577293  48.8069295
1948  40.8685305  38.8853638 148.3720919  60.4457358  78.5577293  52.4069295
1949  51.0685305 124.2853638  84.1720919  69.8457358  45.5577293  89.4069295
1950 105.8685305  75.4853638  16.0720919  80.0457358  87.9577293  32.3069295
1951  79.9685305  42.6853638  35.6720919  62.5457358  68.1577293 104.2069295
1952  58.3685305  51.3853638  54.1720919  19.3457358  88.2577293  44.7069295
1953  61.4685305  93.2853638  66.8720919  21.3457358  39.4577293  52.1069295
1954   7.8685305  81.5853638  74.4720919 215.9457358  34.8577293  61.8069295
1955  24.3685305  94.7853638  24.6720919  79.0457358  49.6577293  57.9069295
1956  97.5685305 115.0853638  34.0720919  24.9457358  24.9577293  71.1069295
1957   0.9685305  51.3853638  90.7720919  46.7457358  43.5577293  73.4069295
1958  47.9685305  59.4853638  72.4720919  33.2457358  68.6577293  30.0069295
1959  17.2685305  28.9853638  63.2720919  81.5457358  53.6577293  85.1069295
1960  93.4685305  29.9853638   0.3720919  59.9457358  54.7577293  21.6069295
1961  70.0685305  46.4853638  36.3720919  16.7457358  49.1577293  50.8069295
1962  80.2685305  66.5853638 125.7720919 100.0457358  94.3577293  64.5069295
1963  63.2685305  48.0853638  41.9720919  11.1457358  63.0577293  47.5069295
1964  91.1685305 137.9853638   7.9720919  48.2457358  30.3577293  57.2069295
1965  53.0685305  65.2853638  60.4720919 106.6457358  78.5577293  68.4069295
1966   4.5685305  60.7853638  49.0720919  26.4457358 140.2577293  89.4069295
1967  54.5685305  36.0853638  62.0720919  77.2457358  36.9577293  74.2069295
1968  47.7685305 153.9853638  82.0720919  43.1457358  90.7577293  84.6069295
1969  96.9685305  46.9853638   8.9720919  51.0457358  68.6577293  65.8069295
1970 103.0685305 103.6853638  55.6720919  65.8457358  42.5577293  85.1069295
1971  68.0685305 116.3853638  26.4720919  39.6457358  32.6577293  97.3069295
1972  24.0685305  65.2853638  78.0720919 100.8457358  69.6577293  99.6069295
1973  52.0685305  19.5853638  47.2720919 126.7457358  90.5577293  81.1069295
1974  48.2685305   4.8853638  40.4720919  26.1457358  72.2577293  50.1069295
1975  40.8685305  99.3853638  59.2720919  56.9457358  52.4577293  74.5069295
1976  71.3685305  55.1853638  63.8720919  66.5457358   9.2577293  40.7069295
1977 108.0685305  93.6853638 148.1720919  71.4457358  83.4577293 106.9069295
1978  32.0685305  53.9853638 128.2720919  58.2457358  50.4577293  65.7069295
1979  57.5685305  64.5853638  38.4720919  86.2457358  94.0577293 105.6069295
1980 171.8685305  27.6853638  47.0720919  90.7457358  32.8577293  69.3069295
1981  56.1685305 118.8853638  97.2720919 136.9457358  55.3577293  38.6069295
1982  20.6685305 110.4853638 122.8720919  45.5457358  92.3577293  85.5069295
1983   7.8685305 102.5853638  48.8720919  73.8457358  86.6577293  86.6069295
1984  52.8685305  54.1853638  68.6720919  28.1457358  67.4577293  65.9069295
1985  81.0685305 142.8853638  51.5720919  54.3457358 159.3577293  40.5069295
1986 111.8685305 136.5853638 206.2720919  56.8457358  41.9577293  71.9069295
1987  97.6685305  42.6853638 101.9720919  50.1457358  80.9577293  52.0069295
1988  99.2685305  27.5853638  64.5720919  69.4457358  55.6577293  36.1069295
1989  59.9685305  29.9853638  38.0720919  78.2457358  76.0577293  28.4069295
1990  57.9685305 102.9853638  36.7720919  89.8457358  37.1577293 117.4069295
1991  80.5685305  81.7853638  46.0720919  48.3457358  53.8577293  49.3069295
1992 124.0685305 144.7853638  92.3720919  68.0457358 104.7577293  60.9069295
1993  77.2685305  30.2853638  53.1720919  73.0457358  62.7577293  33.4069295
1994  72.5685305  50.4853638  45.3720919  29.4457358  82.4577293  56.0069295
1995  44.9685305 125.7853638  21.4720919 133.8457358 119.1577293  40.4069295
1996  86.9685305  38.5853638 160.1720919  77.8457358  27.3577293  99.8069295
1997  19.5685305  62.1853638  41.9720919  37.2457358  52.5577293  34.8069295
1998  34.9685305  17.1853638  32.3720919  26.0457358  31.1577293  67.6069295
1999  33.9685305  49.3853638  73.9720919  63.8457358  75.7577293  31.1069295
2000  23.3685305  28.3853638  63.9720919  19.6457358  53.1577293  76.0069295
2001  23.5685305  24.9853638  44.3720919 110.8457358  72.5577293  45.2069295
2002  48.5685305   1.9853638  53.1720919  45.0457358  64.7577293  37.1069295
2003  55.7685305  43.7853638 108.1720919  51.4457358 138.7577293  66.2069295
2004 109.3685305  50.3853638  19.1720919  37.2457358  62.3577293  95.0069295
2005   9.9685305 125.9853638  73.5720919  49.4457358  99.7577293  63.5069295
2006  94.7685305  30.5853638  71.5720919 122.6457358  69.2577293  67.0069295
2007  36.9685305  11.1853638  22.5720919  43.2457358  85.3577293  97.3069295
2008 182.7685305  82.9853638  77.3720919  41.6457358  77.3577293 104.4069295
2009  74.3685305 134.3853638  34.1720919  73.0457358  29.7577293  85.0069295
2010  79.1685305  48.9853638  82.1720919  59.2457358  63.7577293  41.4069295
2011  21.9685305  62.5853638  78.9720919 121.2457358  95.5577293  56.6069295
2012  89.5685305  42.7853638 114.9720919 128.4457358   7.7577293  63.0069295

	Augmented Dickey-Fuller Test

data:  torontotimeseries
Dickey-Fuller = -11.093, Lag order = 9, p-value = 0.01
alternative hypothesis: stationary

[1] "Mean, variance, autocorrelation, etc. are all constant over time if p value is lesser than 0.05"
